date,record_time,player,map,record_type,source,run_time,split,improvement,inferred,demo_id,steam_id64,steam_id,steam_candidates
2014-07-01,00:17.38,Rob123,jump_deserted_b1,WR,Bonus 3,,-00:00.46,00:00.86,false,7485,76561198044015351,STEAM_0:1:41874811,
2014-07-01,00:58.03,Rob123,jump_deserted_b1,WR,Course 2,,-00:02.17,,false,7485,76561198044015351,STEAM_0:1:41874811,
2014-07-01,04:01.56,Rob123,jump_deserted_b1,WR,Course 3,,-00:10.85,,false,7485,76561198044015351,STEAM_0:1:41874811,
2014-07-01,05:58.96,Rob123,jump_deserted_b1,WR,MapRecord,,-03:09.74,,false,7485,76561198044015351,STEAM_0:1:41874811,
2014-07-11,00:34.26,ofey,jump_deserted_b1,WR,Course 1,,-00:00.92,00:02.27,false,10384,76561197963071977,STEAM_0:1:1403124,
2014-07-11,00:53.44,ofey,jump_deserted_b1,WR,Course 2,,-00:04.59,00:04.64,false,10384,76561197963071977,STEAM_0:1:1403124,
2014-07-29,05:58.96,Rob123,jump_deserted_b1,WR,Compact,,,,false,12758,,,
2014-08-19,00:03.49,Ame,jump_deserted_b1,WR,Bonus 1,,-00:15.55,00:15.55,false,16596,76561198070882254,STEAM_0:0:55308263,
2014-08-19,00:19.05,Ame,jump_deserted_b1,WR,Bonus 1,,-00:11.02,,false,16596,76561198070882254,STEAM_0:0:55308263,
2014-10-17,01:11.58,jondy,jump_deserted_b1,WR,Bonus 4,,-01:10.58,01:23.81,false,24153,76561198055778722,[U:1:95512994],
2014-10-17,03:01.36,Helpless_Soldier,jump_deserted_b1,WR,Course 3,,,,false,24153,76561198043137253,[U:1:82871525],
2014-10-17,03:01.36,Helpless_Soldier,jump_deserted_b1,WR,Course 3,,,,false,24153,76561198043137253,[U:1:82871525],
2014-10-17,03:01.36,Helpless_Soldier,jump_deserted_b1,WR,Course 3,,-00:41.41,01:40.13,false,24153,76561198043137253,[U:1:82871525],
2014-10-17,05:19.93,Helpless_Soldier,jump_deserted_b1,WR,MapRecord,,-00:39.03,03:13.29,false,24153,76561198043137253,[U:1:82871525],
2014-10-17,05:19.93,Helpless_Soldier,jump_deserted_b1,WR,Compact,,,,false,24153,76561198043137253,[U:1:82871525],
2014-10-17,05:19.93,Helpless_Soldier,jump_deserted_b1,WR,Ranked,,,,true,24153,76561198043137253,[U:1:82871525],
2014-10-17,05:19.93,Helpless_Soldier,jump_deserted_b1,WR,Ranked,,,,true,24153,76561198043137253,[U:1:82871525],
2014-10-17,05:58.96,Rob123,jump_deserted_b1,WR,Compact,,,,false,24153,,,
2014-10-17,05:58.96,Rob123,jump_deserted_b1,WR,Compact,,,,false,24153,,,
2014-10-17,05:58.96,Rob123,jump_deserted_b1,WR,Compact,,,,false,24153,,,
2014-10-17,02:48.13,jondy,jump_deserted_b1,WR,Course 3,,-00:13.22,01:34.39,false,24307,76561198055778722,[U:1:95512994],
2014-10-17,04:57.34,jondy,jump_deserted_b1,WR,MapRecord,,-00:22.58,02:14.52,false,24307,76561198055778722,[U:1:95512994],
2014-10-17,04:57.34,jondy,jump_deserted_b1,WR,IRC,,-00:22.58,,false,24311,76561198055778722,[U:1:95512994],
2015-01-04,00:47.81,Helpless_Soldier,jump_deserted_b1,WR,Bonus 4,,,,false,45526,76561198043137253,[U:1:82871525],
2015-01-04,00:47.81,Helpless_Soldier,jump_deserted_b1,WR,Bonus 4,,-00:23.76,00:35.60,false,45526,76561198043137253,[U:1:82871525],
2015-01-04,02:14.93,Helpless_Soldier,jump_deserted_b1,WR,Course 3,,-00:21.55,00:21.55,false,45526,76561198043137253,[U:1:82871525],
2015-01-04,02:36.49,Helpless_Soldier,jump_deserted_b1,WR,Course 3,,-00:11.63,00:24.86,false,45526,76561198043137253,[U:1:82871525],
2015-01-04,04:16.15,Helpless_Soldier,jump_deserted_b1,WR,MapRecord,,-00:40.21,00:40.21,false,45526,76561198043137253,[U:1:82871525],
2015-01-04,04:56.37,Helpless_Soldier,jump_deserted_b1,WR,MapRecord,,-00:00.97,00:23.56,false,45526,76561198043137253,[U:1:82871525],
2015-01-04,04:56.37,Helpless_Soldier,jump_deserted_b1,WR,Compact,,,,false,45526,76561198043137253,[U:1:82871525],
2015-01-04,04:56.37,Helpless_Soldier,jump_deserted_b1,WR,Compact,,,,false,45526,76561198043137253,[U:1:82871525],
2015-01-04,04:56.37,Helpless_Soldier,jump_deserted_b1,WR,Compact,,,,false,45526,76561198043137253,[U:1:82871525],
2015-01-04,04:56.37,Helpless_Soldier,jump_deserted_b1,WR,Compact,,,,false,45526,76561198043137253,[U:1:82871525],
2015-01-04,04:57.34,idk,jump_deserted_b1,WR,Compact,,,,false,45526,76561198055778722,[U:1:95512994],
2015-01-05,04:56.37,Helpless_Soldier,jump_deserted_b1,WR,IRC,,-00:00.97,,false,45545,,,
2015-02-10,00:44.50,jdollo,jump_deserted_b1,WR,Bonus 4,,-00:03.31,00:04.92,false,59858,76561198055778722,[U:1:95512994],
2015-02-10,02:02.23,jdollo,jump_deserted_b1,WR,Course 3,,-00:04.85,00:45.89,false,59858,76561198055778722,[U:1:95512994],
2015-02-10,03:48.01,jdollo,jump_deserted_b1,WR,MapRecord,,-00:28.13,01:09.33,false,59858,76561198055778722,[U:1:95512994],
2015-02-10,03:48.01,jdollo,jump_deserted_b1,WR,Ranked,,,,true,59858,76561198055778722,[U:1:95512994],
2015-02-10,04:16.15,Helpless_Soldier,jump_deserted_b1,WR,Compact,,,,false,59858,,,
2015-02-23,03:48.02,naykenn :3,jump_deserted_b1,WR,MapRun,18:07.63,+14:19.61,,true,64393,76561198035188834,[U:1:74923106],
2015-06-16,03:48.02,Lenny,jump_deserted_b1,WR,MapRun,19:16.78,+15:28.76,15:17.07,true,107292,76561197982526073,[U:1:22260345],
2015-08-15,00:05.90,zooper,jump_deserted_b1,WR,Bonus 2,,,,false,128672,,,
2015-08-15,00:31.42,pie,jump_deserted_b1,WR,Course 1,,-00:00.04,00:00.04,false,128672,76561198054239403,[U:1:93973675],
2015-08-15,00:31.47,pie,jump_deserted_b1,WR,Course 1,,-00:00.95,00:01.93,false,128672,76561198054239403,[U:1:93973675],
2015-08-15,03:48.01,jondeezy -tt,jump_deserted_b1,WR,Compact,,,,false,128672,,,
2015-08-15,03:48.01,billshatcat™,jump_deserted_b1,WR,MapRun,23:51.80,+20:03.79,,true,128672,76561198140826293,[U:1:180560565],
2015-08-15,03:48.01,iTac,jump_deserted_b1,WR,MapRun,23:20.36,+19:32.35,,true,128672,76561198108602947,[U:1:148337219],
2015-08-15,03:48.02,Larreyh | tipoft,jump_deserted_b1,WR,MapRun,1:18:21.35,+1:14:33.33,,true,128672,,,
2015-09-08,01:51.06,Whiskeyjack :^),jump_deserted_b1,WR,Course 3,,-00:11.16,00:21.42,false,137986,76561198108844256,[U:1:148578528],
2015-09-08,03:48.01,jondeezy -tt,jump_deserted_b1,WR,Compact,,,,false,137986,,,
2015-09-08,03:48.01,jondeezy -tt,jump_deserted_b1,WR,Ranked,,,,true,137986,,,
2015-09-08,03:48.02,succ,jump_deserted_b1,WR,MapRun,21:24.70,+17:36.68,,true,137986,76561198041597961,[U:1:81332233],
2017-11-19,02:32.93,fox,jump_deserted_b1,WR,MapRecord,,-00:01.71,00:01.71,false,506606,76561198046601398,[U:1:86335670],
2017-11-19,02:34.65,fox,jump_deserted_b1,WR,Compact,,,,false,506606,76561198046601398,[U:1:86335670],
2017-11-19,02:34.65,fox,jump_deserted_b1,WR,Compact,,,,false,506606,76561198046601398,[U:1:86335670],
2017-11-19,02:34.65,fox,jump_deserted_b1,WR,Compact,,,,false,506606,76561198046601398,[U:1:86335670],
2017-11-19,02:34.66,.flac,jump_deserted_b1,WR,MapRun,07:43.63,+05:08.97,,true,506606,76561198039312327,[U:1:79046599],
2017-11-19,02:34.66,LuxZen,jump_deserted_b1,WR,MapRun,28:29.17,+25:54.51,,true,506606,76561198152922353,[U:1:192656625],
2017-11-19,02:34.66,final form roadm,jump_deserted_b1,WR,MapRun,19:59.15,+17:24.49,,true,506606,,,
2017-11-19,02:34.66,fox,jump_deserted_b1,WR,MapRun,03:07.57,+00:32.91,,true,506606,76561198046601398,[U:1:86335670],
2018-04-01,02:32.93,Boshy,jump_deserted_b1,WR,Compact,,,,false,614066,76561198046601398,[U:1:86335670],
2018-04-11,02:32.94,14th,jump_deserted_b1,WR,MapRun,1:14:02.59,+1:11:29.65,,true,621746,76561198093274919,[U:1:133009191],
2018-04-11,02:32.94,Kobeni-chan,jump_deserted_b1,WR,MapRun,05:22.45,+02:49.51,01:30.13,true,621746,76561198096062185,[U:1:135796457],
2018-04-11,02:32.94,Kobeni-chan,jump_deserted_b1,WR,MapRun,06:52.58,+04:19.64,05:08.40,true,621746,76561198096062185,[U:1:135796457],
2019-01-29,00:56.54,twitch.tv/boshyt,jump_deserted_b1,WR,Course 3,,-00:00.67,00:00.67,false,879176,,,
2019-01-29,00:57.22,Boshy,jump_deserted_b1,WR,Course 3,,-00:03.38,00:03.38,false,879176,76561198046601398,[U:1:86335670],
2019-01-29,01:00.61,Boshy,jump_deserted_b1,WR,Course 3,,-00:01.12,00:01.12,false,879176,76561198046601398,[U:1:86335670],
2019-01-29,01:01.74,Boshy,jump_deserted_b1,WR,Course 3,,-00:07.25,00:07.25,false,879176,76561198046601398,[U:1:86335670],
2019-01-29,02:19.66,twitch.tv/boshyt,jump_deserted_b1,WR,MapRecord,,-00:11.61,00:11.61,false,879176,,,
2019-01-29,02:31.27,Boshy,jump_deserted_b1,WR,MapRecord,,-00:01.66,00:01.66,false,879176,76561198046601398,[U:1:86335670],
2019-01-29,02:31.27,Boshy,jump_deserted_b1,WR,Compact,,,,false,879176,76561198046601398,[U:1:86335670],
2019-01-29,02:31.27,Boshy,jump_deserted_b1,WR,Compact,,,,false,879176,76561198046601398,[U:1:86335670],
2019-01-29,02:31.28,twitch.tv/boshyt,jump_deserted_b1,WR,MapRun,03:03.33,+00:32.05,,true,879176,,,
2019-01-29,02:32.93,Boshy,jump_deserted_b1,WR,Compact,,,,false,879176,76561198046601398,[U:1:86335670],
2019-03-20,00:24.27,Boshy,jump_deserted_b1,WR,Course 1,,-00:01.56,00:02.53,false,919880,76561198046601398,[U:1:86335670],
2019-12-29,02:19.66,rhymes on rhymes,jump_deserted_b1,WR,MapRun,08:55.90,+06:36.24,,true,1135529,76561198071875635,[U:1:111609907],
2019-12-29,02:19.67,chiyo,jump_deserted_b1,WR,MapRun,16:42.11,+14:22.44,37:02.97,true,1135529,76561198046582124,[U:1:86316396],
2019-12-29,02:19.67,vice,jump_deserted_b1,WR,MapRun,05:37.78,+03:18.11,,true,1135529,76561198366368448,[U:1:406102720],
2020-02-26,02:19.66,Nodoby Does It B,jump_deserted_b1,WR,MapRun,49:42.91,+47:23.25,,true,1182082,,,
2020-02-26,02:19.66,ridge,jump_deserted_b1,WR,MapRun,21:18.02,+18:58.36,,true,1182082,76561198115457357,[U:1:155191629],
2020-03-21,00:14.54,Madeline,jump_deserted_b1,WR,Bonus 4,,-00:03.84,00:03.84,false,1202386,76561198046601398,[U:1:86335670],
2020-03-21,00:18.39,Madeline,jump_deserted_b1,WR,Bonus 4,,-00:00.29,00:00.29,false,1202386,76561198046601398,[U:1:86335670],
2020-03-21,00:18.69,Madeline,jump_deserted_b1,WR,Bonus 4,,-00:00.25,00:00.56,false,1202386,76561198046601398,[U:1:86335670],
2020-03-21,02:19.66,tsurupeta youjo,jump_deserted_b1,WR,MapRun,20:09.46,+17:49.80,,true,1202386,76561198024042625,[U:1:63776897],
2020-05-10,02:16.33,twitch.tv/boshyt,jump_deserted_b1,WR,IRC,,-00:03.32,,false,1246689,,,
2020-05-10,02:16.33,twitch.tv/boshyt,jump_deserted_b1,WR,IRC,,-00:03.32,,false,1246732,,,
2020-05-10,02:16.33,twitch.tv/boshyt,jump_deserted_b1,WR,MapRecord,,-00:03.32,00:03.32,false,1246745,,,
2020-05-10,02:19.66,twitch.tv/boshyt,jump_deserted_b1,WR,Ranked,,,,true,1246745,,,
2020-05-10,02:19.66,twitch.tv/boshyt,jump_deserted_b1,WR,MapRun,02:20.53,+00:00.87,,true,1246745,,,
2020-05-10,02:19.66,twitch.tv/boshyt,jump_deserted_b1,WR,MapRun,02:26.71,+00:07.05,,true,1246745,,,
2020-05-10,02:19.66,twitch.tv/boshyt,jump_deserted_b1,WR,MapRun,02:32.14,+00:12.48,,true,1246745,,,
2020-05-10,02:19.66,twitch.tv/boshyt,jump_deserted_b1,WR,MapRun,02:50.08,+00:30.42,,true,1246745,,,
2020-05-10,02:19.66,twitch.tv/boshyt,jump_deserted_b1,WR,MapRun,02:57.88,+00:38.22,,true,1246745,,,
2020-05-10,02:19.66,twitch.tv/boshyt,jump_deserted_b1,WR,MapRun,03:24.70,+01:05.04,,true,1246745,,,
2020-05-10,02:19.66,twitch.tv/boshyt,jump_deserted_b1,WR,MapRun,03:38.12,+01:18.46,,true,1246745,,,
2020-05-10,02:19.66,twitch.tv/boshyt,jump_deserted_b1,WR,MapRun,06:11.68,+03:52.02,,true,1246745,,,
2020-05-19,02:16.34,omega,jump_deserted_b1,WR,MapRun,07:15.15,+04:58.81,,true,1254159,76561198370281030,[U:1:410015302],
2020-05-19,02:16.34,twitch.tv/boshyt,jump_deserted_b1,WR,MapRun,04:25.68,+02:09.34,,true,1254159,,,
2020-05-19,00:02.17,Boshy,jump_deserted_b1,WR,Bonus 1,,-00:00.12,00:00.15,false,1254200,76561198046601398,[U:1:86335670],
2020-05-28,02:16.33,komodo 11.01,jump_deserted_b1,WR,MapRun,13:05.62,+10:49.29,,true,1261367,76561198977168032,[U:1:1016902304],
2020-05-28,02:16.33,meemo,jump_deserted_b1,WR,MapRun,51:49.34,+49:33.01,,true,1261367,76561198153847593,[U:1:193581865],
2020-05-28,02:16.34,b,jump_deserted_b1,WR,MapRun,17:48.70,+15:32.36,,true,1261367,76561197975642103,[U:1:15376375],
2020-05-28,02:16.34,spidda,jump_deserted_b1,WR,MapRun,24:33.93,+22:17.59,,true,1261367,76561198057436685,[U:1:97170957],
2020-06-08,00:02.50,Boshy,jump_deserted_b1,WR,Bonus 2,,-00:00.02,00:00.02,false,1270595,76561198046601398,[U:1:86335670],
2020-06-08,00:02.53,Boshy,jump_deserted_b1,WR,Bonus 2,,-00:00.00,00:00.07,false,1270595,76561198046601398,[U:1:86335670],
2020-06-08,00:02.53,maxxy,jump_deserted_b1,WR,Bonus 2,,-00:00.07,00:00.40,false,1270595,76561198083235528,[U:1:122969800],
2020-06-08,00:12.16,Boshy,jump_deserted_b1,WR,Bonus 4,,-00:02.26,00:02.38,false,1270595,76561198046601398,[U:1:86335670],
2020-06-08,00:14.43,d,jump_deserted_b1,WR,Bonus 4,,-00:00.11,00:04.51,false,1270595,76561198083131259,[U:1:122865531],
2020-06-08,00:31.18,Boshy,jump_deserted_b1,WR,Course 2,,-00:00.22,00:00.22,false,1270595,76561198046601398,[U:1:86335670],
2020-06-08,00:31.41,Boshy,jump_deserted_b1,WR,Course 2,,-00:01.28,00:01.28,false,1270595,76561198046601398,[U:1:86335670],
2020-06-08,00:32.70,Boshy,jump_deserted_b1,WR,Course 2,,-00:00.94,00:00.94,false,1270595,76561198046601398,[U:1:86335670],
2020-06-08,02:16.33,Gerudo's Trainin,jump_deserted_b1,WR,MapRun,1:21:43.42,+1:19:27.09,,true,1270595,,,
2020-06-08,02:16.33,newjuls,jump_deserted_b1,WR,MapRun,08:51.52,+06:35.19,,true,1270595,76561198396018338,[U:1:435752610],
2020-06-08,02:16.33,vacuum is one sy,jump_deserted_b1,WR,MapRun,09:34.76,+07:18.43,02:39.84,true,1270595,,,
2020-06-08,02:16.34,Bassad,jump_deserted_b1,WR,MapRun,48:00.60,+45:44.26,,true,1270595,76561198025147677,[U:1:64881949],
2020-06-08,02:16.34,Getting nude for,jump_deserted_b1,WR,MapRun,20:51.82,+18:35.48,,true,1270595,,,
2020-06-08,02:16.34,JosSie,jump_deserted_b1,WR,MapRun,18:29.59,+16:13.25,,true,1270595,76561198111733936,[U:1:151468208],
2020-06-08,02:16.34,TMCD,jump_deserted_b1,WR,MapRun,40:26.43,+38:10.09,,true,1270595,76561198077956157,[U:1:117690429],
2020-06-08,02:16.34,orbitme,jump_deserted_b1,WR,MapRun,27:08.47,+24:52.13,,true,1270595,76561198053604625,[U:1:93338897],
2020-06-08,02:16.34,roblan11,jump_deserted_b1,WR,MapRun,22:49.93,+20:33.59,,true,1270595,76561198066839258,[U:1:106573530],
2020-06-08,02:16.34,äiä sonni,jump_deserted_b1,WR,MapRun,1:30:42.33,+1:28:25.99,,true,1270595,76561198079017033,[U:1:118751305],
2020-09-30,00:02.17,Boshy,jump_deserted_b1,WR,Bonus 1,,,,false,1373297,,,
2020-09-30,00:02.17,Boshy,jump_deserted_b1,WR,Bonus 1,,,,false,1373297,,,
2020-09-30,00:12.16,Boshy,jump_deserted_b1,WR,Bonus 4,,,,false,1373297,,,
2020-09-30,02:16.33,Boshy,jump_deserted_b1,WR,Compact,,,,false,1373297,,,
2020-09-30,02:16.33,Boshy,jump_deserted_b1,WR,Compact,,,,false,1373297,,,
2020-09-30,02:16.34,light,jump_deserted_b1,WR,MapRun,41:06.46,+38:50.12,,true,1373297,76561198149066707,[U:1:188800979],
2021-02-20,02:16.33,Boshy,jump_deserted_b1,WR,Ranked,,,,true,1513992,,,
2021-02-20,02:16.34,Doony,jump_deserted_b1,WR,MapRun,13:06.15,+10:49.81,,true,1513992,76561198073472571,[U:1:113206843],
2021-02-20,02:16.34,telfar bag,jump_deserted_b1,WR,MapRun,16:03.51,+13:47.17,,true,1513992,76561198167501342,[U:1:207235614],
2021-02-20,02:16.34,viciousbeatmaker,jump_deserted_b1,WR,MapRun,1:55:53.76,+1:53:37.42,,true,1513992,,,
2021-02-21,00:02.30,s,jump_deserted_b1,WR,Bonus 1,,,,false,1515533,,,
2021-02-21,00:02.47,tomඞto tom,jump_deserted_b1,WR,Bonus 2,,-00:00.06,00:36.31,false,1515533,76561198120374593,[U:1:160108865],
2021-02-21,02:16.33,iliSS,jump_deserted_b1,WR,MapRun,20:57.91,+18:41.58,,true,1515533,76561198018674339,[U:1:58408611],
2021-02-21,02:16.33,tail tap green b,jump_deserted_b1,WR,MapRun,29:28.00,+27:11.67,,true,1515533,,,
2021-02-21,02:16.33,wise,jump_deserted_b1,WR,MapRun,1:01:54.49,+59:38.16,,true,1515533,76561198030066204,[U:1:69800476],
2021-02-21,02:16.34,ofey,jump_deserted_b1,WR,MapRun,25:19.08,+23:02.74,,true,1515533,76561197963071977,[U:1:2806249],
2021-02-21,02:16.34,spencil,jump_deserted_b1,WR,MapRun,17:10.68,+14:54.34,,true,1515533,76561198053727976,[U:1:93462248],
2021-03-20,00:02.43,ridiot,jump_deserted_b1,WR,Bonus 2,,-00:00.04,00:00.06,false,1540787,76561198065169685,[U:1:104903957],
2021-03-20,02:16.33,Elandi!!,jump_deserted_b1,WR,MapRun,05:10.14,+02:53.81,00:34.58,true,1540787,76561198293964874,[U:1:333699146],
2021-03-20,02:16.33,ik1tteh,jump_deserted_b1,WR,MapRun,1:02:17.80,+1:00:01.47,,true,1540787,76561198086048604,[U:1:125782876],
2021-03-20,02:16.33,seo,jump_deserted_b1,WR,MapRun,13:37.45,+11:21.12,,true,1540787,76561198051774382,[U:1:91508654],
2021-03-20,02:16.33,ｈｋｊ丶丶,jump_deserted_b1,WR,MapRun,37:04.54,+34:48.21,,true,1540787,,,
2021-03-20,02:16.34,roaryroaryroary,jump_deserted_b1,WR,MapRun,11:30.72,+09:14.38,,true,1540787,76561198083039313,[U:1:122773585],
2021-04-14,02:16.33,LarsInABox,jump_deserted_b1,WR,MapRun,30:31.42,+28:15.09,,true,1563596,76561198028329262,[U:1:68063534],
2021-04-14,02:16.33,d.e.f.g,jump_deserted_b1,WR,MapRun,47:01.87,+44:45.54,,true,1563596,76561198051778789,[U:1:91513061],
2021-04-14,02:16.33,dvmb slvt,jump_deserted_b1,WR,MapRun,38:42.40,+36:26.07,,true,1563596,76561198115012906,[U:1:154747178],
2021-04-14,02:16.33,foodeater22,jump_deserted_b1,WR,MapRun,45:17.65,+43:01.32,,true,1563596,76561198124857271,[U:1:164591543],
2021-04-14,02:16.33,pevkele,jump_deserted_b1,WR,MapRun,07:48.60,+05:32.27,,true,1563596,76561198201985399,[U:1:241719671],
2021-04-14,02:16.33,soldier and demo,jump_deserted_b1,WR,MapRun,35:35.71,+33:19.38,,true,1563596,,,
2021-04-14,02:16.33,warm water enjoy,jump_deserted_b1,WR,MapRun,07:53.58,+05:37.25,,true,1563596,,,
2021-04-14,02:16.33,† king,jump_deserted_b1,WR,MapRun,06:55.78,+04:39.45,03:00.73,true,1563596,76561198097974718,[U:1:137708990],
2021-04-14,02:16.34,ddavid9,jump_deserted_b1,WR,MapRun,19:20.25,+17:03.91,,true,1563596,76561198098074486,[U:1:137808758],
2021-04-14,02:16.34,ppp,jump_deserted_b1,WR,MapRun,14:12.48,+11:56.14,,true,1563596,76561198070952478,[U:1:110686750],
2021-04-14,02:16.33,krys lft main,jump_deserted_b1,WR,MapRun,10:31.90,+08:15.57,,true,1564137,76561198967624733,[U:1:1007359005],
2021-04-19,02:16.34,cringe,jump_deserted_b1,WR,MapRun,49:05.97,+46:49.63,,true,1568112,76561198133806310,[U:1:173540582],
2021-05-05,02:16.33,각성한 혼돈,jump_deserted_b1,WR,MapRun,09:00.45,+06:44.12,,true,1581178,,,
2021-05-05,02:16.34,IB_600T,jump_deserted_b1,WR,MapRun,14:38.01,+12:21.67,,true,1581178,76561198094355707,[U:1:134089979],
2021-05-06,02:16.33,Skye -rng,jump_deserted_b1,WR,MapRun,06:06.24,+03:49.91,04:14.79,true,1582079,76561197988619397,[U:1:28353669],
2021-05-13,00:02.10,exor (kater),jump_deserted_b1,WR,Bonus 1,,-00:00.04,00:00.04,false,1587424,,,
2021-05-13,00:02.14,exor (kater),jump_deserted_b1,WR,Bonus 1,,-00:00.01,00:00.01,false,1587424,,,
2021-05-13,00:02.16,vice,jump_deserted_b1,WR,Bonus 1,,-00:00.09,00:00.09,false,1587424,76561198366368448,[U:1:406102720],
2021-05-13,00:02.25,vice,jump_deserted_b1,WR,Bonus 1,,-00:00.01,00:00.01,false,1587424,76561198366368448,[U:1:406102720],
2021-05-13,00:02.26,vice,jump_deserted_b1,WR,Bonus 1,,-00:00.03,00:00.48,false,1587424,76561198366368448,[U:1:406102720],
2021-05-13,00:02.37,mr gato,jump_deserted_b1,WR,Bonus 2,,-00:00.06,00:00.09,false,1587424,76561198126091800,[U:1:165826072],
2021-05-13,00:05.25,Skye -rng,jump_deserted_b1,WR,Bonus 3,,-00:00.06,00:00.06,false,1587501,76561197988619397,[U:1:28353669],
2021-05-13,00:05.31,Skye -rng,jump_deserted_b1,WR,Bonus 3,,-00:00.01,00:00.37,false,1587501,76561197988619397,[U:1:28353669],
2021-06-30,02:16.33,arcade,jump_deserted_b1,WR,MapRun,03:49.00,+01:32.67,01:19.09,true,1626340,76561198047636129,[U:1:87370401],
2021-06-30,02:16.33,arcade,jump_deserted_b1,WR,MapRun,05:08.10,+02:51.77,01:14.65,true,1626340,76561198047636129,[U:1:87370401],
2021-06-30,02:16.33,arcade,jump_deserted_b1,WR,MapRun,07:10.15,+04:53.82,,true,1626340,76561198047636129,[U:1:87370401],
2021-06-30,02:16.33,beagle,jump_deserted_b1,WR,MapRun,03:02.44,+00:46.11,00:07.21,true,1626340,76561198084406120,[U:1:124140392],
2021-06-30,02:16.33,beagle,jump_deserted_b1,WR,MapRun,03:09.66,+00:53.33,00:05.04,true,1626340,76561198084406120,[U:1:124140392],
2021-06-30,02:16.33,beagle,jump_deserted_b1,WR,MapRun,03:14.70,+00:58.37,00:08.79,true,1626340,76561198084406120,[U:1:124140392],
2021-06-30,02:16.33,beagle,jump_deserted_b1,WR,MapRun,03:23.49,+01:07.16,00:27.39,true,1626340,76561198084406120,[U:1:124140392],
2021-06-30,02:16.33,beagle,jump_deserted_b1,WR,MapRun,03:31.41,+01:15.08,,true,1626340,76561198084406120,[U:1:124140392],
2021-06-30,02:16.33,beagle,jump_deserted_b1,WR,MapRun,03:50.88,+01:34.55,00:16.52,true,1626340,76561198084406120,[U:1:124140392],
2021-06-30,02:16.33,inakilbss,jump_deserted_b1,WR,MapRun,1:01:52.18,+59:35.85,,true,1626340,76561198105613891,[U:1:145348163],
2021-06-30,02:16.34,Dlauck,jump_deserted_b1,WR,MapRun,18:18.42,+16:02.08,,true,1626340,76561198086660302,[U:1:126394574],
2021-11-21,00:55.99,ondkaja,jump_deserted_b1,WR,Course 3,,-00:00.55,00:04.03,false,1773913,76561198010123351,[U:1:49857623],
2022-01-09,02:15.79,Rachello,jump_deserted_b1,WR,MapRecord,,-00:00.54,00:03.15,false,1821758,76561198815853361,[U:1:855587633],
2022-01-09,02:16.33,FF73,jump_deserted_b1,WR,Compact,,,,false,1821758,,,
2022-01-09,02:16.33,FF73,jump_deserted_b1,WR,Compact,,,,false,1821758,,,
2022-01-09,02:16.33,FF73,jump_deserted_b1,WR,Compact,,,,false,1821758,,,
2022-01-09,02:16.33,Rachello,jump_deserted_b1,WR,MapRun,02:18.94,+00:02.61,00:00.61,true,1821758,76561198815853361,[U:1:855587633],
2022-01-09,02:16.33,Rachello,jump_deserted_b1,WR,MapRun,02:19.56,+00:03.23,00:07.12,true,1821758,76561198815853361,[U:1:855587633],
2022-01-09,02:16.33,Rachello,jump_deserted_b1,WR,MapRun,02:21.03,+00:04.70,,true,1821758,76561198815853361,[U:1:855587633],
2022-01-09,02:16.33,Rachello,jump_deserted_b1,WR,MapRun,02:26.17,+00:09.84,,true,1821758,76561198815853361,[U:1:855587633],
2022-01-09,02:16.33,Rachello,jump_deserted_b1,WR,MapRun,02:26.68,+00:10.35,00:16.27,true,1821758,76561198815853361,[U:1:855587633],
2022-01-09,02:16.33,Rachello,jump_deserted_b1,WR,MapRun,02:42.27,+00:25.94,,true,1821758,76561198815853361,[U:1:855587633],
2022-01-09,02:16.33,Rachello,jump_deserted_b1,WR,MapRun,02:42.96,+00:26.63,00:19.05,true,1821758,76561198815853361,[U:1:855587633],
2022-01-09,02:16.33,Rachello,jump_deserted_b1,WR,MapRun,02:56.17,+00:39.84,,true,1821758,76561198815853361,[U:1:855587633],
2022-01-09,02:16.33,Rachello,jump_deserted_b1,WR,MapRun,03:02.01,+00:45.68,00:08.65,true,1821758,76561198815853361,[U:1:855587633],
2022-01-09,02:16.33,Rachello,jump_deserted_b1,WR,MapRun,03:03.82,+00:47.49,,true,1821758,76561198815853361,[U:1:855587633],
2022-01-09,02:16.33,Rachello,jump_deserted_b1,WR,MapRun,03:10.66,+00:54.33,,true,1821758,76561198815853361,[U:1:855587633],
2022-01-09,02:16.33,Rachello,jump_deserted_b1,WR,MapRun,03:17.64,+01:01.31,,true,1821758,76561198815853361,[U:1:855587633],
2022-01-09,02:16.33,Soup -tt,jump_deserted_b1,WR,MapRun,02:42.22,+00:25.89,00:14.58,true,1821758,76561198029285343,[U:1:69019615],
2022-01-09,02:16.33,Soup -tt,jump_deserted_b1,WR,MapRun,02:56.80,+00:40.47,00:17.44,true,1821758,76561198029285343,[U:1:69019615],
2022-01-09,02:16.33,Soup -tt,jump_deserted_b1,WR,MapRun,03:14.25,+00:57.92,00:01.05,true,1821758,76561198029285343,[U:1:69019615],
2022-01-09,02:16.33,Soup -tt,jump_deserted_b1,WR,MapRun,03:15.30,+00:58.97,01:09.79,true,1821758,76561198029285343,[U:1:69019615],
2022-01-09,02:16.33,Soup -tt,jump_deserted_b1,WR,MapRun,04:25.09,+02:08.76,02:54.65,true,1821758,76561198029285343,[U:1:69019615],
2022-01-15,02:12.46,ondkaja,jump_deserted_b1,WR,IRC,,-00:03.33,,false,1828138,76561198010123351,[U:1:49857623],
2022-01-15,02:12.46,ondkaja,jump_deserted_b1,WR,IRC,,-00:03.33,,false,1828144,,,
2022-01-15,02:12.46,ondkaja,jump_deserted_b1,WR,MapRecord,,-00:03.33,00:05.83,false,1828325,76561198010123351,[U:1:49857623],
2022-01-15,02:15.79,ondkaja,jump_deserted_b1,WR,MapRun,03:25.63,+01:09.84,,true,1828325,76561198010123351,[U:1:49857623],
2022-01-15,02:12.46,ondkaja,jump_deserted_b1,WR,IRC,,-00:03.33,,false,1828328,,,
2022-01-15,02:12.46,ondkaja,jump_deserted_b1,WR,IRC,,-00:03.33,,false,1828329,,,
2022-01-15,02:12.46,ondkaja,jump_deserted_b1,WR,IRC,,-00:03.33,,false,1828330,,,
2022-02-04,02:12.47,endless,jump_deserted_b1,WR,MapRun,07:55.68,+05:43.21,,true,1845287,76561198073843879,[U:1:113578151],
2022-02-04,00:24.27,FF73,jump_deserted_b1,WR,Course 1,,,,false,1845668,76561198046601398,[U:1:86335670],
2022-02-04,02:12.46,ondkaja,jump_deserted_b1,WR,Compact,,,,false,1845668,76561198010123351,[U:1:49857623],
2022-04-23,01:56.89,twitch.tv/fastfo,jump_deserted_b1,WR,Compact,,,,false,1925278,,,
2022-04-23,01:56.89,tomatotom@goblin,jump_deserted_b1,WR,MapRun,03:31.36,+01:34.47,,true,1925278,,,
2022-04-23,01:56.89,tomatotom@goblin,jump_deserted_b1,WR,MapRun,05:14.44,+03:17.55,,true,1925278,,,
2022-04-23,01:56.90,tomatotom@goblin,jump_deserted_b1,WR,MapRun,03:08.31,+01:11.41,,true,1925278,,,
2022-04-26,01:56.89,Bred_Bone,jump_deserted_b1,WR,MapRun,16:53.59,+14:56.70,,true,1929198,76561198179130475,[U:1:218864747],
2022-04-26,01:56.89,Jammy,jump_deserted_b1,WR,MapRun,17:52.84,+15:55.95,,true,1929198,76561198105214840,[U:1:144949112],
2022-04-26,01:56.89,jamf,jump_deserted_b1,WR,MapRun,25:29.11,+23:32.22,,true,1929198,76561197998768044,[U:1:38502316],
2022-04-26,01:56.89,pootisboy epic 2,jump_deserted_b1,WR,MapRun,12:00.25,+10:03.36,,true,1929198,,,
2022-04-26,01:56.89,tod gaming,jump_deserted_b1,WR,MapRun,1:25:13.99,+1:23:17.10,,true,1929198,76561199095557325,[U:1:1135291597],
2022-04-26,01:56.89,twitch.tv/fastfo,jump_deserted_b1,WR,Ranked,,,,true,1929198,,,
2022-04-26,01:56.90,Raeews,jump_deserted_b1,WR,MapRun,1:31:37.47,+1:29:40.57,,true,1929198,76561198254646517,[U:1:294380789],
2022-04-26,01:56.90,SweZombie,jump_deserted_b1,WR,MapRun,10:51.36,+08:54.46,,true,1929198,76561198849893773,[U:1:889628045],
2022-04-26,01:56.90,Tupikas,jump_deserted_b1,WR,MapRun,04:30.90,+02:34.00,01:45.12,true,1929198,76561198391066129,[U:1:430800401],
2022-04-26,01:56.90,Tupikas,jump_deserted_b1,WR,MapRun,08:36.63,+06:39.73,,true,1929198,76561198391066129,[U:1:430800401],
2022-06-12,01:56.89,Tham,jump_deserted_b1,WR,MapRun,37:46.57,+35:49.68,,true,1973400,76561198087670157,[U:1:127404429],
2022-07-19,00:04.72,Skye,jump_deserted_b1,WR,Bonus 3,,-00:00.16,00:00.19,false,2006084,76561197988619397,[U:1:28353669],
2022-07-24,01:56.89,jtravs,jump_deserted_b1,WR,MapRun,04:19.75,+02:22.86,08:44.97,true,2010879,76561198117262056,[U:1:156996328],
2022-07-24,01:56.90,EpicGuy4227,jump_deserted_b1,WR,MapRun,39:22.71,+37:25.81,,true,2010879,76561198094132328,[U:1:133866600],
2022-07-24,01:56.90,jesus himself,jump_deserted_b1,WR,MapRun,17:16.62,+15:19.72,,true,2010879,76561198055316855,[U:1:95051127],
2022-07-24,01:56.90,jtravs,jump_deserted_b1,WR,MapRun,04:12.84,+02:15.94,00:06.91,true,2010879,76561198117262056,[U:1:156996328],
2022-07-24,01:56.90,sam,jump_deserted_b1,WR,MapRun,12:10.14,+10:13.24,11:53.08,true,2010879,76561198930334128,[U:1:970068400],
2022-07-24,01:56.90,✋Sephyr,jump_deserted_b1,WR,MapRun,10:26.19,+08:29.29,,true,2010879,76561198049121113,[U:1:88855385],
2023-03-01,00:12.07,Jorge,jump_deserted_b1,WR,Bonus 4,,-00:00.12,00:00.12,false,2228878,76561198101198779,[U:1:140933051],
2023-03-01,00:12.19,Jorge,jump_deserted_b1,WR,Bonus 4,,-00:00.28,,false,2228878,76561198101198779,[U:1:140933051],
2023-06-02,00:24.70,Cygnus -rng,jump_deserted_b1,WR,Course 1,,-00:00.36,00:00.36,false,2344957,76561198178042934,[U:1:217777206],
2023-06-02,00:25.06,Cygnus -rng,jump_deserted_b1,WR,Course 1,,-00:00.16,00:01.72,false,2344957,76561198178042934,[U:1:217777206],
2023-06-02,00:30.45,Scoot,jump_deserted_b1,WR,Course 2,,,,true,2344957,,,
2023-06-02,02:12.46,Cygnus -rng,jump_deserted_b1,WR,MapRun,02:32.29,+00:19.83,00:08.67,true,2344957,76561198178042934,[U:1:217777206],
2023-06-03,00:28.92,Cygnus -rng,jump_deserted_b1,WR,Course 2,,-00:01.33,00:01.33,false,2346393,76561198178042934,[U:1:217777206],
2023-06-03,00:30.25,Cygnus -rng,jump_deserted_b1,WR,Course 2,,-00:00.19,00:03.48,false,2346393,76561198178042934,[U:1:217777206],
2023-06-16,00:23.89,Chi Chan -fr,jump_deserted_b1,WR,Course 1,,-00:00.81,00:01.60,false,2366273,76561198121085178,[U:1:160819450],
2023-06-16,00:23.08,Cygnus -rng,jump_deserted_b1,WR,Course 1,,-00:00.24,00:00.24,false,2366457,76561198178042934,[U:1:217777206],
2023-06-16,00:23.32,Cygnus -rng,jump_deserted_b1,WR,Course 1,,-00:00.57,00:01.35,false,2366457,76561198178042934,[U:1:217777206],
2023-06-17,00:22.84,Cygnus -rng,jump_deserted_b1,WR,Course 1,,-00:00.24,00:00.24,false,2368010,76561198178042934,[U:1:217777206],
2023-06-22,02:11.70,Chi Chan -fr,jump_deserted_b1,WR,IRC,,-00:00.76,,false,2374741,,,
2023-06-22,00:22.71,Cygnus -rng,jump_deserted_b1,WR,Course 1,,-00:00.13,00:00.13,false,2374778,76561198178042934,[U:1:217777206],
2023-06-22,02:03.69,Cygnus -rng,jump_deserted_b1,WR,IRC,,-00:08.01,,false,2374778,76561198178042934,[U:1:217777206],
2023-06-22,02:11.70,Chi Chan -fr,jump_deserted_b1,WR,IRC,,-00:00.76,,false,2374778,,,
2023-06-22,02:12.47,Cygnus -rng,jump_deserted_b1,WR,MapRun,02:15.36,+00:02.89,00:16.93,true,2374778,76561198178042934,[U:1:217777206],
2023-06-22,02:12.47,Cygnus -rng,jump_deserted_b1,WR,MapRun,02:33.81,+00:21.34,,true,2374778,76561198178042934,[U:1:217777206],
2023-06-22,00:22.59,Cygnus -rng,jump_deserted_b1,WR,Course 1,,-00:00.12,00:00.12,false,2374785,76561198178042934,[U:1:217777206],
2023-06-22,02:03.69,Cygnus -rng,jump_deserted_b1,WR,MapRecord,,-00:08.01,00:11.67,false,2374785,76561198178042934,[U:1:217777206],
2023-06-22,02:03.69,Cygnus -rng,jump_deserted_b1,WR,Ranked,,,,true,2374785,76561198178042934,[U:1:217777206],
2023-06-22,02:11.70,Chi Chan -fr,jump_deserted_b1,WR,MapRecord,,-00:00.76,00:01.65,false,2374785,76561198121085178,[U:1:160819450],
2023-06-22,02:11.70,Cygnus -rng,jump_deserted_b1,WR,MapRun,02:32.46,+00:20.76,,true,2374785,76561198178042934,[U:1:217777206],
2023-06-22,02:12.46,ondkaja,jump_deserted_b1,WR,Ranked,,,,true,2374785,,,
2023-06-22,02:12.47,Chi Chan -fr,jump_deserted_b1,WR,MapRun,02:13.35,+00:00.88,00:01.77,true,2374785,76561198121085178,[U:1:160819450],
2023-06-22,02:12.47,Chi Chan -fr,jump_deserted_b1,WR,MapRun,02:15.12,+00:02.65,00:01.65,true,2374785,76561198121085178,[U:1:160819450],
2023-06-22,02:03.69,Cygnus -rng,jump_deserted_b1,WR,IRC,,-00:08.01,,false,2374807,,,
2023-06-22,02:11.70,Chi Chan -fr,jump_deserted_b1,WR,IRC,,-00:00.76,,false,2374807,,,
2023-07-27,00:02.08,greaby,jump_deserted_b1,WR,Bonus 1,,,,true,2425243,76561198070619715,[U:1:110353987],
2023-07-27,02:03.69,Captain Angelos,jump_deserted_b1,WR,MapRun,2:22:13.89,+2:20:10.20,,true,2425243,76561198341961816,[U:1:381696088],
2023-07-27,02:03.69,Skeptical,jump_deserted_b1,WR,MapRun,55:51.72,+53:48.03,,true,2425243,76561198038261789,[U:1:77996061],
2023-07-31,00:28.68,HOW MY BLOOD BOI,jump_deserted_b1,WR,Course 2,,-00:00.24,00:00.24,false,2432321,,,
2023-07-31,02:03.69,kindergartener.9,jump_deserted_b1,WR,MapRun,14:24.43,+12:20.74,,true,2432321,,,
2023-08-13,00:02.04,farewell  pal,jump_deserted_b1,WR,Bonus 1,,-00:00.04,00:00.04,false,2451547,76561198366368448,[U:1:406102720],
2023-08-13,00:46.32,Chi -fr,jump_deserted_b1,WR,Course 3,,-00:00.18,00:01.81,false,2452031,76561198121085178,[U:1:160819450],
2023-08-16,00:42.37,Chi -fr,jump_deserted_b1,WR,Course 3,,-00:03.94,00:03.94,false,2457002,76561198121085178,[U:1:160819450],
2023-08-16,00:42.37,Chi -fr,jump_deserted_b1,WR,Course 3,,,,true,2457002,76561198121085178,[U:1:160819450],
2023-08-27,00:11.71,song,jump_deserted_b1,WR,Bonus 4,,-00:00.76,00:23.17,false,2473973,76561198210286877,[U:1:250021149],
2023-09-01,02:03.69,dog,jump_deserted_b1,WR,MapRun,21:57.51,+19:53.82,,true,2482880,76561198857391400,[U:1:897125672],
2023-09-02,02:03.69,The Savage Eleph,jump_deserted_b1,WR,Compact,,,,false,2484167,,,
2023-09-02,02:03.69,_Scary,jump_deserted_b1,WR,MapRun,04:01.20,+01:57.51,00:05.68,true,2484167,76561198060463575,[U:1:100197847],
2023-09-02,02:03.69,yggdrasil jail -,jump_deserted_b1,WR,MapRun,04:42.75,+02:39.06,01:45.18,true,2484167,,,
2023-09-19,02:03.69,The Savage Eleph,jump_deserted_b1,WR,Compact,,,,false,2508169,,,
2023-09-19,02:03.69,The Savage Eleph,jump_deserted_b1,WR,Compact,,,,false,2508169,,,
2023-09-19,02:03.69,The Savage Eleph,jump_deserted_b1,WR,Compact,,,,false,2508169,,,
2023-09-19,02:03.69,The Savage Eleph,jump_deserted_b1,WR,Compact,,,,false,2508169,,,
2023-09-19,02:03.69,The Savage Eleph,jump_deserted_b1,WR,Compact,,,,false,2508169,,,
2023-09-19,02:03.69,The Savage Eleph,jump_deserted_b1,WR,Compact,,,,false,2508169,,,
2023-09-19,02:03.69,Chi -fr,jump_deserted_b1,WR,MapRun,02:40.35,+00:36.66,,true,2508169,76561198121085178,[U:1:160819450],
2023-10-17,00:28.09,Chi -fr -cfc,jump_deserted_b1,WR,Course 2,,-00:00.58,00:00.69,false,2550044,76561198121085178,[U:1:160819450],
2023-10-21,00:27.42,The Savage Eleph,jump_deserted_b1,WR,Course 2,,-00:00.64,00:00.64,false,2556468,,,
2023-10-21,00:28.06,The Savage Eleph,jump_deserted_b1,WR,Course 2,,-00:00.03,00:00.15,false,2556468,,,
2023-10-21,02:03.69,The Savage Eleph,jump_deserted_b1,WR,Compact,,,,false,2556468,,,
2023-10-21,02:03.69,FlibFlab,jump_deserted_b1,WR,MapRun,59:20.08,+57:16.39,,true,2556468,76561198060731078,[U:1:100465350],
2023-10-21,02:03.69,Random Smasher,jump_deserted_b1,WR,MapRun,18:38.31,+16:34.62,,true,2556468,76561198051571282,[U:1:91305554],
2023-10-23,00:26.94,Chi -fr -cfc,jump_deserted_b1,WR,Course 2,,-00:00.48,00:00.66,false,2559291,76561198121085178,[U:1:160819450],
2023-10-24,00:26.64,you used to call,jump_deserted_b1,WR,Course 2,,-00:00.18,00:00.18,false,2559904,,,
2023-10-24,00:26.82,you used to call,jump_deserted_b1,WR,Course 2,,-00:00.12,00:00.27,false,2559904,,,
2024-01-26,00:11.71,フワちゃん,jump_deserted_b1,WR,Bonus 4,,,,true,2702808,,,
2024-01-28,02:03.69,kanye (coldest),jump_deserted_b1,WR,Compact,,,,false,2705650,,,
2024-01-28,02:03.69,あるゆえ,jump_deserted_b1,WR,MapRun,08:43.80,+06:40.11,,true,2705961,76561199101711663,[U:1:1141445935],
2024-01-29,02:03.69,L'Chaim,jump_deserted_b1,WR,MapRun,1:10:46.56,+1:08:42.87,,true,2707441,76561198089478290,[U:1:129212562],
2024-01-29,02:03.69,wannabegud,jump_deserted_b1,WR,MapRun,40:30.06,+38:26.37,,true,2707441,76561198390806391,[U:1:430540663],
2024-02-03,02:03.69,RedCharge,jump_deserted_b1,WR,MapRun,3:03:44.65,+3:01:40.96,,true,2715161,76561198084465764,[U:1:124200036],
2024-02-03,02:03.69,domer,jump_deserted_b1,WR,MapRun,49:40.89,+47:37.20,,true,2715161,76561198065028964,[U:1:104763236],
2024-02-03,02:03.69,vanish,jump_deserted_b1,WR,MapRun,25:00.49,+22:56.80,,true,2715161,76561198198815974,[U:1:238550246],
2024-02-03,02:03.69,ronz,jump_deserted_b1,WR,MapRun,12:29.49,+10:25.80,,true,2715576,76561198202166884,[U:1:241901156],
2024-02-03,02:03.69,Startcumming,jump_deserted_b1,WR,MapRun,13:49.74,+11:46.05,,true,2715630,76561198378196732,[U:1:417931004],
2024-02-06,02:03.69,phoenix,jump_deserted_b1,WR,MapRun,16:25.29,+14:21.60,,true,2718866,76561198286857936,[U:1:326592208],
2024-02-08,02:03.69,Owlfy,jump_deserted_b1,WR,MapRun,16:16.56,+14:12.87,,true,2721598,76561199073919459,[U:1:1113653731],
2024-02-09,02:03.69,420 Un4given,jump_deserted_b1,WR,MapRun,12:59.91,+10:56.22,,true,2723555,76561198147078303,[U:1:186812575],
2024-02-12,02:03.69,powershovel,jump_deserted_b1,WR,MapRun,34:17.74,+32:14.05,,true,2728049,76561198095268524,[U:1:135002796],
2024-02-13,02:03.69,Exile,jump_deserted_b1,WR,MapRun,14:14.44,+12:10.75,,true,2729222,76561198046776282,[U:1:86510554],
2024-02-13,02:03.69,kanye (coldest),jump_deserted_b1,WR,Ranked,,,,true,2729222,,,
2024-02-13,00:02.34,Waldo,jump_deserted_b1,WR,Bonus 2,,,,true,2730022,,,
2024-02-13,02:03.69,FistPG,jump_deserted_b1,WR,MapRun,48:32.85,+46:29.16,,true,2730022,76561198887064655,[U:1:926798927],
2024-02-13,02:03.69,Nova,jump_deserted_b1,WR,MapRun,55:27.01,+53:23.32,,true,2730022,76561198236108860,[U:1:275843132],
2024-02-13,02:03.69,Royal,jump_deserted_b1,WR,MapRun,41:09.19,+39:05.50,,true,2730022,76561198157621024,[U:1:197355296],
2024-02-13,02:03.69,Solstice,jump_deserted_b1,WR,MapRun,53:11.41,+51:07.72,,true,2730022,76561198072130805,[U:1:111865077],
2024-02-13,02:03.69,Wabbitt,jump_deserted_b1,WR,MapRun,35:57.90,+33:54.21,,true,2730022,76561198066144960,[U:1:105879232],
2024-02-13,02:03.69,kanye (coldest),jump_deserted_b1,WR,Ranked,,,,true,2730022,,,
2024-02-15,02:03.69,Drary,jump_deserted_b1,WR,MapRun,42:40.75,+40:37.06,,true,2732079,76561198093695951,[U:1:133430223],
2024-02-15,02:03.69,devil my cry da,jump_deserted_b1,WR,MapRun,06:04.30,+04:00.61,,true,2732079,,,
2024-02-16,02:03.69,one1even,jump_deserted_b1,WR,MapRun,35:48.31,+33:44.62,,true,2734534,76561198175456289,[U:1:215190561],
2024-02-16,02:03.69,аптечка,jump_deserted_b1,WR,MapRun,08:08.29,+06:04.60,,true,2734534,76561198816932139,[U:1:856666411],
2024-02-18,02:03.69,kush patel,jump_deserted_b1,WR,MapRun,39:21.31,+37:17.62,,true,2737131,76561198085228896,[U:1:124963168],
2024-02-19,02:03.69,Reisen,jump_deserted_b1,WR,MapRun,30:30.19,+28:26.50,,true,2739362,76561198072770014,[U:1:112504286],
2024-02-27,02:03.69,Master Exploder,jump_deserted_b1,WR,MapRun,11:59.79,+09:56.10,,true,2750137,76561198058384245,[U:1:98118517],
2024-02-28,02:03.69,|Zomaxx|,jump_deserted_b1,WR,MapRun,43:50.71,+41:47.02,,true,2751598,76561198138925802,[U:1:178660074],
2024-02-29,02:03.69,9gon Pepper,jump_deserted_b1,WR,MapRun,15:42.90,+13:39.21,,true,2752945,76561198116645978,[U:1:156380250],
2024-03-01,02:03.69,Corrupted Gaming,jump_deserted_b1,WR,MapRun,12:55.32,+10:51.63,,true,2754509,,,
2024-03-02,02:03.69,Unmei,jump_deserted_b1,WR,MapRun,22:17.01,+20:13.32,,true,2756067,76561198365722565,[U:1:405456837],
2024-03-02,02:03.69,misha,jump_deserted_b1,WR,MapRun,47:12.43,+45:08.74,,true,2756067,76561198208275389,[U:1:248009661],
2024-03-03,02:03.69,oh noes,jump_deserted_b1,WR,MapRun,43:12.75,+41:09.06,,true,2757997,76561198406905486,[U:1:446639758],
2024-03-09,02:03.69,Autistic Dumpste,jump_deserted_b1,WR,MapRun,16:39.04,+14:35.35,,true,2765784,,,
2024-03-09,02:03.69,NiceName,jump_deserted_b1,WR,MapRun,10:27.85,+08:24.16,,true,2765784,76561198398046309,[U:1:437780581],
2024-03-10,02:03.69,shaun,jump_deserted_b1,WR,MapRun,35:36.45,+33:32.76,,true,2767157,76561198281504419,[U:1:321238691],
2024-03-12,02:03.69,Maki,jump_deserted_b1,WR,MapRun,1:17:18.13,+1:15:14.44,,true,2770117,76561198132356696,[U:1:172090968],
2024-03-14,00:02.34,Waldo,jump_deserted_b1,WR,Bonus 2,,,,true,2772872,,,
2024-03-14,02:03.69,train go boom,jump_deserted_b1,WR,Ranked,,,,true,2772872,,,
2024-03-19,02:03.69,Rope,jump_deserted_b1,WR,MapRun,14:05.35,+12:01.66,,true,2780989,76561198127571963,[U:1:167306235],
2024-03-19,02:03.69,ocramep,jump_deserted_b1,WR,MapRun,28:44.58,+26:40.89,,true,2780989,76561198165634208,[U:1:205368480],
2024-03-20,02:03.69,Law,jump_deserted_b1,WR,MapRun,24:18.13,+22:14.44,,true,2781455,76561198159028411,[U:1:198762683],
2024-03-21,02:03.69,Dinner,jump_deserted_b1,WR,MapRun,44:23.79,+42:20.10,,true,2782537,76561198067294811,[U:1:107029083],
2024-03-21,02:03.69,blazer,jump_deserted_b1,WR,MapRun,19:57.43,+17:53.74,,true,2782537,76561198196277395,[U:1:236011667],
2024-03-21,02:03.69,grub hubbard,jump_deserted_b1,WR,MapRun,17:08.50,+15:04.81,,true,2782537,76561198064948141,[U:1:104682413],
2024-03-21,02:03.69,phantasy,jump_deserted_b1,WR,MapRun,07:15.22,+05:11.53,,true,2782537,76561198957831453,[U:1:997565725],
2024-03-23,02:03.69,Metna,jump_deserted_b1,WR,MapRun,1:14:57.03,+1:12:53.34,,true,2786258,76561198092381079,[U:1:132115351],
2024-03-23,02:03.69,i broke my confi,jump_deserted_b1,WR,MapRun,50:31.56,+48:27.87,,true,2786258,,,
2024-03-23,02:03.69,zombotany 2,jump_deserted_b1,WR,MapRun,09:43.09,+07:39.40,,true,2786258,76561198084336096,[U:1:124070368],
2024-03-28,02:03.69,Aphelis,jump_deserted_b1,WR,MapRun,08:47.04,+06:43.35,,true,2792723,76561198100566797,[U:1:140301069],
2024-03-28,02:03.69,Ommfe,jump_deserted_b1,WR,MapRun,13:20.95,+11:17.26,,true,2792723,76561198144546345,[U:1:184280617],
2024-03-29,02:03.69,pure doritos,jump_deserted_b1,WR,MapRun,31:22.23,+29:18.54,,true,2793857,76561198434165133,[U:1:473899405],
2024-03-29,02:03.69,youtube.com/@har,jump_deserted_b1,WR,MapRun,22:06.70,+20:03.01,,true,2793857,,,
2024-04-01,02:03.69,big golden rock,jump_deserted_b1,WR,MapRun,13:35.61,+11:31.92,,true,2799196,,,
2024-04-01,02:03.69,blake++,jump_deserted_b1,WR,MapRun,18:52.84,+16:49.15,,true,2799196,76561198055712749,[U:1:95447021],
2024-04-04,02:03.69,Bröther Boof,jump_deserted_b1,WR,MapRun,37:39.58,+35:35.89,,true,2802899,76561198356963701,[U:1:396697973],
2024-04-04,02:03.69,Wicia,jump_deserted_b1,WR,MapRun,18:49.87,+16:46.18,,true,2802899,76561198091430849,[U:1:131165121],
2024-04-04,02:03.69,i'm all ears,jump_deserted_b1,WR,MapRun,16:40.14,+14:36.45,,true,2802899,76561198377533237,[U:1:417267509],
2024-04-04,02:03.69,Б Ξ Λ Κ Δ,jump_deserted_b1,WR,MapRun,34:59.23,+32:55.54,,true,2802899,76561198254524432,[U:1:294258704],
2024-04-07,02:03.69,APenjuin,jump_deserted_b1,WR,MapRun,12:54.25,+10:50.56,,true,2806849,76561198169007976,[U:1:208742248],
2024-04-07,02:03.69,hey siri -guh -e,jump_deserted_b1,WR,MapRun,38:55.60,+36:51.91,,true,2807035,,,
2024-04-07,02:03.69,ninja slayer off,jump_deserted_b1,WR,MapRun,29:54.25,+27:50.56,,true,2807035,,,
2024-04-11,02:03.69,Litari,jump_deserted_b1,WR,MapRun,38:52.17,+36:48.48,,true,2811882,76561198057926456,[U:1:97660728],
2024-04-13,02:03.69,agerby,jump_deserted_b1,WR,MapRun,23:10.86,+21:07.17,,true,2814460,76561199052021436,[U:1:1091755708],
2024-04-13,02:03.69,mne,jump_deserted_b1,WR,MapRun,09:12.91,+07:09.22,,true,2814460,76561198929958041,[U:1:969692313],
2024-04-13,02:03.69,train go boom,jump_deserted_b1,WR,Compact,,,,false,2814655,,,
2024-04-13,02:03.69,jini mwah,jump_deserted_b1,WR,MapRun,1:45:10.77,+1:43:07.08,,true,2814655,76561197960409237,[U:1:143509],
2024-04-16,02:03.69,guy kie,jump_deserted_b1,WR,MapRun,14:36.07,+12:32.38,,true,2819017,76561199105275600,[U:1:1145009872],
2024-04-16,02:03.69,train go boom,jump_deserted_b1,WR,Ranked,,,,true,2819017,,,
2024-04-16,02:03.69,train go boom,jump_deserted_b1,WR,Ranked,,,,true,2819017,,,
2024-04-16,02:03.69,train go boom,jump_deserted_b1,WR,Ranked,,,,true,2819017,,,
2024-04-18,02:03.69,Fapiti,jump_deserted_b1,WR,MapRun,46:23.10,+44:19.41,,true,2822544,76561198260633190,[U:1:300367462],
2024-04-18,02:03.69,Neaze,jump_deserted_b1,WR,MapRun,57:01.99,+54:58.30,,true,2822544,76561198291644307,[U:1:331378579],
2024-04-18,02:03.69,Russian Dancing,jump_deserted_b1,WR,MapRun,14:14.05,+12:10.36,,true,2822544,,,
2024-04-18,02:03.69,kibo,jump_deserted_b1,WR,MapRun,32:13.98,+30:10.29,,true,2822544,76561198132894417,[U:1:172628689],
2024-04-18,02:03.69,nousora,jump_deserted_b1,WR,MapRun,42:52.69,+40:49.00,,true,2822544,76561198088222980,[U:1:127957252],
2024-04-20,02:03.69,Barbossa,jump_deserted_b1,WR,MapRun,16:39.82,+14:36.13,,true,2823188,76561199064748904,[U:1:1104483176],
2024-04-20,02:03.69,bippy,jump_deserted_b1,WR,MapRun,17:22.72,+15:19.03,,true,2823188,76561198291778493,[U:1:331512765],
2024-04-20,02:03.69,๓ץ ŁĨ₣ξ,jump_deserted_b1,WR,MapRun,17:04.02,+15:00.33,,true,2823188,,,
2024-04-21,02:03.69,master,jump_deserted_b1,WR,MapRun,16:13.29,+14:09.60,,true,2823764,76561198342107540,[U:1:381841812],
2024-04-22,02:03.69,stübby,jump_deserted_b1,WR,MapRun,27:27.15,+25:23.46,,true,2825861,76561198131423270,[U:1:171157542],
2024-04-26,02:03.69,Patty,jump_deserted_b1,WR,MapRun,25:08.74,+23:05.05,,true,2832257,76561198244663182,[U:1:284397454],
2024-04-26,02:03.69,tama,jump_deserted_b1,WR,MapRun,11:29.74,+09:26.05,,true,2832589,76561197963485175,[U:1:3219447],
2024-04-28,02:03.69,Phalis,jump_deserted_b1,WR,MapRun,24:40.50,+22:36.81,,true,2835732,76561199530273208,[U:1:1570007480],
2024-04-30,02:03.69,amogus of sparta,jump_deserted_b1,WR,MapRun,18:21.19,+16:17.50,,true,2838565,76561198408689696,[U:1:448423968],
2024-04-30,02:03.69,kratos,jump_deserted_b1,WR,MapRun,04:36.45,+02:32.76,02:39.03,true,2838565,76561198930334128,[U:1:970068400],
2024-04-30,02:03.69,whiteshaq,jump_deserted_b1,WR,MapRun,1:15:28.68,+1:13:24.99,,true,2838565,76561198131988811,[U:1:171723083],
2024-05-04,02:03.69,Uber,jump_deserted_b1,WR,MapRun,29:29.02,+27:25.33,,true,2845224,76561198161512154,[U:1:201246426],
2024-05-04,02:03.69,big chillskis,jump_deserted_b1,WR,MapRun,09:28.24,+07:24.55,,true,2845224,76561198091345625,[U:1:131079897],
2024-05-10,02:03.69,Zevraaaaaa ♥,jump_deserted_b1,WR,MapRun,16:24.12,+14:20.43,,true,2853161,76561199681904148,[U:1:1721638420],
2024-05-10,02:03.69,jubaba,jump_deserted_b1,WR,MapRun,55:39.36,+53:35.67,,true,2853161,76561198118928127,[U:1:158662399],
2024-05-12,02:03.69,TheBackStabber,jump_deserted_b1,WR,MapRun,2:23:10.47,+2:21:06.78,,true,2856428,76561199538329079,[U:1:1578063351],
2024-05-14,02:03.69,Soapa,jump_deserted_b1,WR,MapRun,55:40.93,+53:37.24,,true,2859131,76561198136491341,[U:1:176225613],
2024-05-14,02:03.69,leonardo doujins,jump_deserted_b1,WR,MapRun,26:28.03,+24:24.34,,true,2859304,,,
2024-05-15,02:03.69,oh,jump_deserted_b1,WR,MapRun,10:24.55,+08:20.86,,true,2860546,76561199688803992,[U:1:1728538264],
2024-05-16,02:03.69,exotic fishes,jump_deserted_b1,WR,MapRun,24:22.66,+22:18.97,,true,2860868,76561199046490785,[U:1:1086225057],
2024-05-16,02:03.69,police hemorrhoi,jump_deserted_b1,WR,MapRun,32:54.57,+30:50.88,,true,2860868,,,
2024-05-16,02:03.69,VAALVERDEE,jump_deserted_b1,WR,MapRun,30:48.40,+28:44.71,,true,2861903,76561198104580254,[U:1:144314526],
2024-05-17,02:03.69,Detective Fapp,jump_deserted_b1,WR,MapRun,16:02.59,+13:58.90,,true,2863342,76561198072139602,[U:1:111873874],
2024-05-17,02:03.69,Marr,jump_deserted_b1,WR,MapRun,55:10.80,+53:07.11,,true,2863342,76561199574266344,[U:1:1614000616],
2024-05-20,02:03.69,Jive Jerky,jump_deserted_b1,WR,MapRun,53:17.55,+51:13.86,,true,2867087,76561197995912982,[U:1:35647254],
2024-05-23,02:03.69,♥Gryst♥,jump_deserted_b1,WR,MapRun,15:09.09,+13:05.40,,true,2870761,76561198131281269,[U:1:171015541],
2024-05-27,02:03.69,Golden Halo,jump_deserted_b1,WR,MapRun,1:28:28.23,+1:26:24.54,,true,2875637,76561198380017740,[U:1:419752012],
2024-05-27,02:03.69,❤Juan Caballo,jump_deserted_b1,WR,MapRun,1:19:36.93,+1:17:33.24,,true,2875637,,,
2024-05-29,02:03.69,MINMI,jump_deserted_b1,WR,MapRun,13:28.02,+11:24.33,,true,2879742,76561198190595075,[U:1:230329347],
2024-05-29,02:03.69,7 MINUTES IN KEV,jump_deserted_b1,WR,MapRun,12:43.08,+10:39.39,,true,2879733,,,
2024-05-29,02:03.69,El Moncho,jump_deserted_b1,WR,MapRun,2:09:16.26,+2:07:12.57,,true,2879733,76561199392526150,[U:1:1432260422],
2024-05-29,02:03.69,Stanv,jump_deserted_b1,WR,MapRun,53:45.85,+51:42.16,,true,2879733,76561198259530604,[U:1:299264876],
2024-05-29,02:03.69,scribby,jump_deserted_b1,WR,MapRun,44:19.59,+42:15.90,,true,2879733,76561198117803411,[U:1:157537683],
2024-05-29,02:03.69,✋😔,jump_deserted_b1,WR,MapRun,1:22:55.38,+1:20:51.69,,true,2879733,76561198044856349,[U:1:84590621],
2024-06-02,02:03.69,Ian Connor,jump_deserted_b1,WR,MapRun,35:55.41,+33:51.72,,true,2885575,76561198063638461,[U:1:103372733],
2024-06-02,02:03.69,cringe,jump_deserted_b1,WR,MapRun,04:28.41,+02:24.72,01:15.90,true,2885575,76561198133806310,[U:1:173540582],
2024-06-02,02:03.69,cringe,jump_deserted_b1,WR,MapRun,05:44.31,+03:40.62,04:02.46,true,2885575,76561198133806310,[U:1:173540582],
2024-06-02,02:03.69,DastRon,jump_deserted_b1,WR,MapRun,39:12.06,+37:08.37,,true,2886141,76561198359386714,[U:1:399120986],
2024-06-02,02:03.69,ban,jump_deserted_b1,WR,MapRun,39:33.48,+37:29.79,,true,2886141,76561198346867420,[U:1:386601692],
2024-06-02,02:03.69,extinction of ma,jump_deserted_b1,WR,MapRun,23:42.22,+21:38.53,,true,2886141,,,
2024-06-05,02:03.69,hopsXk,jump_deserted_b1,WR,MapRun,1:18:07.47,+1:16:03.78,,true,2890264,76561199118745143,[U:1:1158479415],
2024-06-10,02:03.69,oak,jump_deserted_b1,WR,MapRun,23:36.66,+21:32.97,,true,2897564,76561198076063477,[U:1:115797749],
2024-06-10,02:03.69,qek,jump_deserted_b1,WR,MapRun,45:10.93,+43:07.24,,true,2897564,76561198113031321,[U:1:152765593],
2024-06-12,02:03.69,Marc Antony,jump_deserted_b1,WR,MapRun,49:10.00,+47:06.31,,true,2901422,76561198011366517,[U:1:51100789],
2024-06-12,02:03.69,Will,jump_deserted_b1,WR,MapRun,27:20.86,+25:17.17,,true,2901422,76561198080165460,[U:1:119899732],
2024-06-12,02:03.69,rat cheese 30k,jump_deserted_b1,WR,MapRun,16:18.63,+14:14.94,,true,2901422,76561198047666739,[U:1:87401011],
2024-06-21,00:22.59,train go boom,jump_deserted_b1,WR,Course 1,,,,true,2913903,,,
2024-06-21,02:03.69,Chime ♫,jump_deserted_b1,WR,MapRun,07:11.94,+05:08.25,,true,2914771,76561199711672385,[U:1:1751406657],
2024-06-28,02:03.69,03/08,jump_deserted_b1,WR,MapRun,08:17.02,+06:13.33,,true,2925236,76561199045644856,[U:1:1085379128],
2024-06-28,02:03.69,glowowowowo (cha,jump_deserted_b1,WR,MapRun,07:32.76,+05:29.07,,true,2925236,,,
2024-07-02,02:03.69,кумарист,jump_deserted_b1,WR,MapRun,11:44.34,+09:40.65,,true,2931056,76561199100836295,[U:1:1140570567],
2024-07-03,02:03.69,Nikita (gos),jump_deserted_b1,WR,MapRun,03:14.02,+01:10.33,,true,2932262,76561199514776310,[U:1:1554510582],
2024-07-03,02:03.69,train go boom,jump_deserted_b1,WR,Compact,,,,false,2932355,,,
2024-07-03,02:03.69,Nikita (gos),jump_deserted_b1,WR,MapRun,02:18.34,+00:14.65,00:11.26,true,2932355,76561199514776310,[U:1:1554510582],
2024-07-03,02:03.69,Nikita (gos),jump_deserted_b1,WR,MapRun,02:29.61,+00:25.92,00:05.67,true,2932355,76561199514776310,[U:1:1554510582],
2024-07-03,02:03.69,Nikita (gos),jump_deserted_b1,WR,MapRun,02:35.28,+00:31.59,00:09.55,true,2932355,76561199514776310,[U:1:1554510582],
2024-07-03,02:03.69,Nikita (gos),jump_deserted_b1,WR,MapRun,02:40.18,+00:36.49,,true,2932355,76561199514776310,[U:1:1554510582],
2024-07-03,02:03.69,Nikita (gos),jump_deserted_b1,WR,MapRun,02:44.83,+00:41.14,00:07.39,true,2932355,76561199514776310,[U:1:1554510582],
2024-07-03,02:03.69,Nikita (gos),jump_deserted_b1,WR,MapRun,02:49.08,+00:45.39,,true,2932355,76561199514776310,[U:1:1554510582],
2024-07-03,02:03.69,Nikita (gos),jump_deserted_b1,WR,MapRun,02:56.95,+00:53.26,,true,2932355,76561199514776310,[U:1:1554510582],
2024-07-03,02:03.69,Paradoxica,jump_deserted_b1,WR,MapRun,48:47.83,+46:44.14,,true,2932355,76561198065231412,[U:1:104965684],
2024-07-03,02:03.69,heli,jump_deserted_b1,WR,MapRun,51:29.28,+49:25.59,,true,2932355,76561198111440249,[U:1:151174521],
2024-07-03,02:03.69,train go boom,jump_deserted_b1,WR,Ranked,,,,true,2932355,,,
2024-07-03,02:03.69,zyaquix,jump_deserted_b1,WR,MapRun,07:54.93,+05:51.24,,true,2932355,76561199068020903,[U:1:1107755175],
2024-07-04,02:03.69,DeltaTroopa,jump_deserted_b1,WR,MapRun,33:58.00,+31:54.31,,true,2934045,76561197969922298,[U:1:9656570],
2024-07-04,02:03.69,Megalovania but,jump_deserted_b1,WR,MapRun,30:54.16,+28:50.47,,true,2934045,,,
2024-07-04,02:03.69,Mushman,jump_deserted_b1,WR,MapRun,24:28.51,+22:24.82,49:45.27,true,2934177,76561198163936154,[U:1:203670426],
2024-07-04,02:03.69,awestie,jump_deserted_b1,WR,MapRun,36:41.50,+34:37.81,,true,2934177,76561198299138418,[U:1:338872690],
2024-07-05,02:03.69,Carlton Banks,jump_deserted_b1,WR,MapRun,46:50.16,+44:46.47,,true,2935124,76561198300996149,[U:1:340730421],
2024-07-05,02:03.69,Rya,jump_deserted_b1,WR,MapRun,2:00:21.78,+1:58:18.09,,true,2935124,76561199154899778,[U:1:1194634050],
2024-07-07,02:03.69,robert di lino,jump_deserted_b1,WR,MapRun,1:42:02.73,+1:39:59.04,,true,2938384,76561198431645609,[U:1:471379881],
2024-07-10,00:26.64,johnsonjohnjohn,jump_deserted_b1,WR,Course 2,,,,false,2942398,,,
2024-07-12,02:03.69,elaw1212,jump_deserted_b1,WR,MapRun,06:03.79,+04:00.10,,true,2944634,76561198292380596,[U:1:332114868],
2024-07-12,02:03.69,sarb,jump_deserted_b1,WR,MapRun,19:50.97,+17:47.28,,true,2945069,76561198998502186,[U:1:1038236458],
2024-07-13,00:02.34,Waldo,jump_deserted_b1,WR,Bonus 2,,,,true,2947429,,,
2024-07-14,02:03.69,hm,jump_deserted_b1,WR,MapRun,2:08:05.77,+2:06:02.08,,true,2947686,76561199388922259,[U:1:1428656531],
2024-07-14,02:03.69,asp,jump_deserted_b1,WR,MapRun,05:38.28,+03:34.59,,true,2948063,76561198972493160,[U:1:1012227432],
2024-07-14,02:03.69,johnsonjohnjohn,jump_deserted_b1,WR,Compact,,,,false,2948180,,,
2024-07-14,02:03.69,johnsonjohnjohn,jump_deserted_b1,WR,Ranked,,,,true,2948180,,,
2024-07-15,02:03.69,gato :3,jump_deserted_b1,WR,MapRun,11:47.76,+09:44.07,,true,2949251,76561198101518489,[U:1:141252761],
2024-07-18,02:03.69,Green Squidward,jump_deserted_b1,WR,MapRun,39:27.42,+37:23.73,,true,2953625,76561198237049852,[U:1:276784124],
2024-07-18,02:03.69,Jay,jump_deserted_b1,WR,MapRun,08:06.40,+06:02.71,01:02.76,true,2954625,76561198148815032,[U:1:188549304],
2024-07-20,02:03.69,panstulejka,jump_deserted_b1,WR,MapRun,45:06.01,+43:02.32,,true,2957067,76561198363529617,[U:1:403263889],
2024-07-26,02:03.69,catawampus,jump_deserted_b1,WR,MapRun,09:57.10,+07:53.41,,true,2965404,76561198052486714,[U:1:92220986],
2024-07-29,02:03.69,Q-Fisz Maniek,jump_deserted_b1,WR,MapRun,2:53:04.53,+2:51:00.84,,true,2970152,76561198112160436,[U:1:151894708],
2024-08-02,02:03.69,Rabbitt,jump_deserted_b1,WR,MapRun,22:05.97,+20:02.28,,true,2975365,76561198868564267,[U:1:908298539],
2024-08-03,02:03.69,Hivan,jump_deserted_b1,WR,MapRun,12:58.83,+10:55.14,,true,2976892,76561198113415955,[U:1:153150227],
2024-08-03,02:03.69,A cat of greed,jump_deserted_b1,WR,MapRun,11:02.52,+08:58.83,,true,2977454,76561198803330799,[U:1:843065071],
2024-08-03,02:03.69,Cheech Wizard,jump_deserted_b1,WR,MapRun,20:44.70,+18:41.01,,true,2977454,76561198045002466,[U:1:84736738],
2024-08-03,02:03.69,Headph (NEW DPI/,jump_deserted_b1,WR,MapRun,13:41.29,+11:37.60,,true,2977454,,,
2024-08-03,02:03.69,Hyre,jump_deserted_b1,WR,MapRun,31:09.09,+29:05.40,,true,2977454,76561198273992414,[U:1:313726686],
2024-08-03,02:03.69,Mike Mentzer,jump_deserted_b1,WR,MapRun,18:24.90,+16:21.21,,true,2977906,76561198033686941,[U:1:73421213],
2024-08-03,02:03.69,AU5T1N,jump_deserted_b1,WR,MapRun,59:03.49,+56:59.80,,true,2977894,76561198085769348,[U:1:125503620],
2024-08-03,02:03.69,Comjn,jump_deserted_b1,WR,MapRun,25:56.74,+23:53.05,,true,2977894,76561198040497225,[U:1:80231497],
2024-08-03,02:03.69,Krobalt,jump_deserted_b1,WR,MapRun,30:30.70,+28:27.01,,true,2977894,76561198167570971,[U:1:207305243],
2024-08-07,02:03.69,Jbrns♥,jump_deserted_b1,WR,MapRun,23:24.82,+21:21.13,,true,2983215,76561199013235729,[U:1:1052970001],
2024-08-07,02:03.69,johnsonjohnjohn,jump_deserted_b1,WR,Ranked,,,,true,2983215,,,
2024-08-08,02:03.69,Wolfy,jump_deserted_b1,WR,MapRun,31:53.02,+29:49.33,,true,2984906,76561198087085347,[U:1:126819619],
2024-08-08,02:03.69,Murr-Man,jump_deserted_b1,WR,MapRun,1:35:28.54,+1:33:24.85,,true,2984976,76561198016636750,[U:1:56371022],
2024-08-08,02:03.69,humanoid,jump_deserted_b1,WR,MapRun,49:20.13,+47:16.44,,true,2984976,76561198044612407,[U:1:84346679],
2024-08-08,02:03.69,justholla7,jump_deserted_b1,WR,MapRun,15:20.83,+13:17.14,,true,2984976,76561198158513486,[U:1:198247758],
2024-08-10,02:03.69,DS,jump_deserted_b1,WR,MapRun,38:59.53,+36:55.84,,true,2986898,76561198137865428,[U:1:177599700],
2024-08-10,02:03.69,Mushman,jump_deserted_b1,WR,MapRun,14:22.38,+12:18.69,10:06.13,true,2986898,76561198163936154,[U:1:203670426],
2024-08-11,02:03.69,mesλ,jump_deserted_b1,WR,MapRun,52:23.68,+50:19.99,,true,2989475,76561198324582918,[U:1:364317190],
2024-08-12,02:03.69,generador de est,jump_deserted_b1,WR,MapRun,09:52.12,+07:48.43,,true,2989846,,,
2024-08-15,02:03.69,golf,jump_deserted_b1,WR,MapRun,24:47.01,+22:43.32,,true,2994250,76561198926834568,[U:1:966568840],
2024-08-16,00:11.71,₍ᐢᐢ₎. us,jump_deserted_b1,WR,Bonus 4,,,,true,2995748,,,
2024-08-16,02:03.69,aaaaaaa,jump_deserted_b1,WR,MapRun,1:16:55.81,+1:14:52.12,,true,2995748,,,
2024-08-16,00:11.71,₍ᐢᐢ₎. us,jump_deserted_b1,WR,Bonus 4,,,,true,2995844,,,
2024-08-19,02:03.69,Pinkchup,jump_deserted_b1,WR,MapRun,13:43.12,+11:39.43,,true,3001336,76561198106802803,[U:1:146537075],
2024-08-20,02:03.69,nova,jump_deserted_b1,WR,MapRun,10:58.33,+08:54.64,,true,3001595,76561198055506323,[U:1:95240595],
2024-08-20,02:03.69,✿4luckyfields,jump_deserted_b1,WR,MapRun,1:03:15.69,+1:01:12.00,,true,3001595,76561198406252824,[U:1:445987096],
2024-08-21,02:03.69,Gameplay,jump_deserted_b1,WR,MapRun,09:22.69,+07:19.00,,true,3004272,76561198180845801,[U:1:220580073],
2024-08-26,02:03.69,｡･:*:･ﾟ,jump_deserted_b1,WR,MapRun,10:47.82,+08:44.13,,true,3010537,,,
2024-08-27,02:03.69,rica (cl_flipvie,jump_deserted_b1,WR,MapRun,31:14.97,+29:11.28,,true,3013031,,,
2024-08-28,02:03.69,Zagrfige,jump_deserted_b1,WR,MapRun,02:53.25,+00:49.56,00:18.37,true,3013706,76561198392773187,[U:1:432507459],
2024-08-28,02:03.69,Zagrfige,jump_deserted_b1,WR,MapRun,03:11.62,+01:07.93,00:49.05,true,3013706,76561198392773187,[U:1:432507459],
2024-08-28,02:03.69,Zagrfige,jump_deserted_b1,WR,MapRun,03:15.69,+01:12.00,,true,3013706,76561198392773187,[U:1:432507459],
2024-08-28,02:03.69,Zagrfige,jump_deserted_b1,WR,MapRun,03:19.65,+01:15.96,,true,3013706,76561198392773187,[U:1:432507459],
2024-08-28,02:03.69,Zagrfige,jump_deserted_b1,WR,MapRun,03:22.77,+01:19.08,,true,3013706,76561198392773187,[U:1:432507459],
2024-08-28,02:03.69,Zagrfige,jump_deserted_b1,WR,MapRun,05:09.03,+03:05.34,,true,3013706,76561198392773187,[U:1:432507459],
2024-08-29,02:03.69,Monkey Gone To H,jump_deserted_b1,WR,MapRun,36:33.03,+34:29.34,,true,3015876,,,
2024-08-31,00:04.72,cligty clenk mon,jump_deserted_b1,WR,Bonus 3,,,,true,3018211,,,
2024-08-31,00:42.16,Chi -cfc,jump_deserted_b1,WR,Course 3,,,,true,3018211,,,
2024-08-31,02:03.69,johnsonjohnjohn,jump_deserted_b1,WR,Compact,,,,false,3018211,,,
2024-09-02,02:03.69,Boron,jump_deserted_b1,WR,MapRun,28:15.18,+26:11.49,,true,3022538,76561198023454374,[U:1:63188646],
2024-09-03,02:03.69,HelplessSoldier,jump_deserted_b1,WR,MapRun,06:40.45,+04:36.76,,true,3022785,76561198043137253,[U:1:82871525],
2024-09-03,02:03.69,johnsonjohnjohn,jump_deserted_b1,WR,Ranked,,,,true,3022785,,,
2024-09-03,02:03.69,johnsonjohnjohn,jump_deserted_b1,WR,Ranked,,,,true,3022785,,,
2024-09-04,02:03.69,Liam,jump_deserted_b1,WR,MapRun,4:17:25.09,+4:15:21.40,,true,3024177,76561198035649568,[U:1:75383840],
2024-09-04,02:03.69,b.,jump_deserted_b1,WR,MapRun,03:44.76,+01:41.07,00:36.67,true,3024177,76561198047753332,[U:1:87487604],
2024-09-04,02:03.69,b.,jump_deserted_b1,WR,MapRun,04:19.86,+02:16.17,,true,3024177,76561198047753332,[U:1:87487604],
2024-09-04,02:03.69,b.,jump_deserted_b1,WR,MapRun,04:21.43,+02:17.74,01:31.71,true,3024177,76561198047753332,[U:1:87487604],
2024-09-04,02:03.69,b.,jump_deserted_b1,WR,MapRun,04:28.36,+02:24.67,,true,3024177,76561198047753332,[U:1:87487604],
2024-09-04,02:03.69,b.,jump_deserted_b1,WR,MapRun,04:42.19,+02:38.50,,true,3024177,76561198047753332,[U:1:87487604],
2024-09-04,02:03.69,b.,jump_deserted_b1,WR,MapRun,05:53.14,+03:49.45,01:17.87,true,3024177,76561198047753332,[U:1:87487604],
2024-09-04,02:03.69,b.,jump_deserted_b1,WR,MapRun,09:22.99,+07:19.30,,true,3024177,76561198047753332,[U:1:87487604],
2024-09-04,02:03.69,b.,jump_deserted_b1,WR,MapRun,13:07.05,+11:03.36,,true,3024177,76561198047753332,[U:1:87487604],
2024-09-04,02:03.69,backmarker,jump_deserted_b1,WR,MapRun,1:37:30.13,+1:35:26.44,,true,3024177,76561198101196930,[U:1:140931202],
2024-09-04,02:03.69,inhibi ta.,jump_deserted_b1,WR,MapRun,46:47.74,+44:44.05,,true,3024177,76561198184900753,[U:1:224635025],
2024-09-04,02:03.69,johnsonjohnjohn,jump_deserted_b1,WR,Ranked,,,,true,3024177,,,
2024-09-04,02:03.69,rat sipper,jump_deserted_b1,WR,MapRun,2:10:26.26,+2:08:22.57,,true,3024177,76561198275390406,[U:1:315124678],
2024-09-04,02:03.69,Jox,jump_deserted_b1,WR,MapRun,49:27.66,+47:23.97,,true,3024606,76561198089637154,[U:1:129371426],
2024-09-06,02:03.69,෴,jump_deserted_b1,WR,MapRun,37:55.50,+35:51.81,,true,3027825,76561198152142810,[U:1:191877082],
2024-09-07,00:26.64,johnsonjohnjohn,jump_deserted_b1,WR,Course 2,,,,true,3028893,,,
2024-09-07,02:03.69,johnsonjohnjohn,jump_deserted_b1,WR,Ranked,,,,true,3028893,,,
2024-09-08,02:03.69,jayvietpae,jump_deserted_b1,WR,MapRun,39:24.66,+37:20.97,,true,3030930,76561198815644949,[U:1:855379221],
2024-09-09,02:03.69,yoodle doodle,jump_deserted_b1,WR,MapRun,15:48.16,+13:44.47,,true,3032352,76561198054897884,[U:1:94632156],
2024-09-09,02:03.69,Qatami,jump_deserted_b1,WR,MapRun,03:14.46,+01:10.77,00:14.05,true,3032794,76561198139373164,[U:1:179107436],
2024-09-09,02:03.69,Qatami,jump_deserted_b1,WR,MapRun,03:28.51,+01:24.82,00:00.31,true,3032794,76561198139373164,[U:1:179107436],
2024-09-09,02:03.69,Qatami,jump_deserted_b1,WR,MapRun,03:56.50,+01:52.81,,true,3032794,76561198139373164,[U:1:179107436],
2024-09-09,02:03.69,DastRon,jump_deserted_b1,WR,MapRun,17:30.10,+15:26.41,21:41.95,true,3033140,76561198359386714,[U:1:399120986],
2024-09-09,02:03.69,makly,jump_deserted_b1,WR,MapRun,05:44.58,+03:40.89,,true,3033140,76561197976761681,[U:1:16495953],
2024-09-09,02:03.69,zxc,jump_deserted_b1,WR,MapRun,07:17.35,+05:13.66,00:06.28,true,3033140,76561198883590923,[U:1:923325195],
2024-09-11,02:03.69,johnsonjohnjohn,jump_deserted_b1,WR,Ranked,,,,true,3035286,,,
2024-09-12,02:03.69,tazzy,jump_deserted_b1,WR,MapRun,16:20.10,+14:16.41,,true,3036902,76561199059502001,[U:1:1099236273],
2024-09-12,02:03.69,Flizard,jump_deserted_b1,WR,MapRun,24:18.03,+22:14.34,,true,3037641,76561198040010197,[U:1:79744469],
2024-09-12,02:03.69,109,jump_deserted_b1,WR,MapRun,11:52.32,+09:48.63,,true,3037629,76561197973700591,[U:1:13434863],
2024-09-15,02:03.69,alchemist,jump_deserted_b1,WR,MapRun,27:04.72,+25:01.03,,true,3041296,76561198042595246,[U:1:82329518],
2024-09-15,02:03.69,Ice Cold Killa,jump_deserted_b1,WR,MapRun,19:06.91,+17:03.22,,true,3041437,76561197992020319,[U:1:31754591],
2024-09-16,02:03.69,Empuz,jump_deserted_b1,WR,MapRun,1:16:35.55,+1:14:31.86,,true,3043242,76561198109450231,[U:1:149184503],
2024-09-16,02:03.69,Hameter,jump_deserted_b1,WR,MapRun,3:53:56.05,+3:51:52.36,,true,3043242,76561198157582622,[U:1:197316894],
2024-09-16,02:03.69,Hoovy,jump_deserted_b1,WR,MapRun,24:36.54,+22:32.85,,true,3043242,76561198253144411,[U:1:292878683],
2024-09-16,02:03.69,Ryan Kosola,jump_deserted_b1,WR,MapRun,44:29.83,+42:26.14,,true,3043242,76561198286048865,[U:1:325783137],
2024-09-18,02:03.69,thiccbirb,jump_deserted_b1,WR,MapRun,1:09:01.89,+1:06:58.20,,true,3045823,76561198403833291,[U:1:443567563],
2024-09-19,02:03.69,limbo,jump_deserted_b1,WR,MapRun,22:02.13,+19:58.44,,true,3046663,76561198363150200,[U:1:402884472],
2024-09-19,02:03.69,❀,jump_deserted_b1,WR,MapRun,29:11.10,+27:07.41,,true,3046830,76561198218663064,[U:1:258397336],
2024-09-20,02:03.69,itsame,jump_deserted_b1,WR,MapRun,09:39.46,+07:35.77,,true,3048939,76561198059284918,[U:1:99019190],
2024-09-20,02:03.69,Speedy,jump_deserted_b1,WR,MapRun,44:01.51,+41:57.82,,true,3049052,76561198065839605,[U:1:105573877],
2024-09-21,02:03.69,dry water,jump_deserted_b1,WR,MapRun,12:34.15,+10:30.46,,true,3049987,76561198167358745,[U:1:207093017],
2024-09-23,02:03.69,Zando,jump_deserted_b1,WR,MapRun,1:02:02.61,+59:58.92,,true,3052731,76561198992703346,[U:1:1032437618],
2024-09-23,02:03.69,liltimmy,jump_deserted_b1,WR,MapRun,32:25.59,+30:21.90,,true,3053230,76561198877983870,[U:1:917718142],
2024-09-28,02:03.69,Kev27,jump_deserted_b1,WR,MapRun,12:09.84,+10:06.15,,true,3059773,76561198157250318,[U:1:196984590],
2024-09-28,02:03.69,riotbz,jump_deserted_b1,WR,MapRun,05:07.71,+03:04.02,,true,3059773,76561198065169685,[U:1:104903957],
2024-10-01,02:03.69,johnsonjohnjohn,jump_deserted_b1,WR,Ranked,,,,true,3063773,,,
2024-10-04,02:03.69,torn-͜ -,jump_deserted_b1,WR,MapRun,07:34.72,+05:31.03,,true,3068463,76561198150868509,[U:1:190602781],
2024-10-04,02:03.69,Panda,jump_deserted_b1,WR,MapRun,19:30.12,+17:26.43,,true,3068704,76561198074966772,[U:1:114701044],
2024-10-06,02:03.69,Spooks,jump_deserted_b1,WR,MapRun,30:43.54,+28:39.85,,true,3072648,76561198081078326,[U:1:120812598],
2024-10-09,02:03.69,Mechanical disad,jump_deserted_b1,WR,MapRun,53:46.24,+51:42.55,,true,3076461,,,
2024-10-09,02:03.69,lecunea,jump_deserted_b1,WR,MapRun,1:00:36.97,+58:33.28,,true,3076461,76561198010388210,[U:1:50122482],
2024-10-10,02:03.69,Metag0r,jump_deserted_b1,WR,MapRun,26:42.43,+24:38.74,,true,3077139,76561198243207562,[U:1:282941834],
2024-10-10,02:03.69,Pureblue,jump_deserted_b1,WR,MapRun,21:58.35,+19:54.66,,true,3077284,76561198045648351,[U:1:85382623],
2024-10-10,02:03.69,mixyad3,jump_deserted_b1,WR,MapRun,25:53.56,+23:49.87,,true,3077284,76561198046461767,[U:1:86196039],
2024-10-13,02:03.69,vr sloppy 300 fo,jump_deserted_b1,WR,MapRun,39:20.46,+37:16.77,,true,3081426,,,
2024-10-13,02:03.69,Insane#dyj,jump_deserted_b1,WR,MapRun,10:32.41,+08:28.72,,true,3081553,76561198318410979,[U:1:358145251],
2024-10-13,02:03.69,marcipan,jump_deserted_b1,WR,MapRun,07:30.24,+05:26.55,,true,3082220,76561199791245552,[U:1:1830979824],
2024-10-13,02:03.69,Booooooooooooooo,jump_deserted_b1,WR,MapRun,1:08:48.82,+1:06:45.13,,true,3082870,,,
2024-10-13,02:03.69,Snorre,jump_deserted_b1,WR,MapRun,13:55.90,+11:52.21,,true,3082902,76561198128130998,[U:1:167865270],
2024-10-26,02:03.69,Dinky.Hotchkiss,jump_deserted_b1,WR,MapRun,10:37.09,+08:33.40,,true,3100734,76561198041796560,[U:1:81530832],
2024-10-26,02:03.69,michaelGarrett20,jump_deserted_b1,WR,MapRun,48:00.19,+45:56.50,,true,3100734,,,
2024-10-28,02:03.69,MJ (Wolf),jump_deserted_b1,WR,MapRun,50:40.48,+48:36.79,,true,3104805,76561198145861189,[U:1:185595461],
2024-11-03,02:03.69,Cryptical,jump_deserted_b1,WR,MapRun,11:53.38,+09:49.69,,true,3113195,76561198183308917,[U:1:223043189],
2024-11-03,02:03.69,Fengyi,jump_deserted_b1,WR,MapRun,35:58.24,+33:54.55,,true,3113195,76561198951970295,[U:1:991704567],
2024-11-05,02:03.69,1127,jump_deserted_b1,WR,MapRun,14:14.35,+12:10.66,,true,3116372,76561198840458959,[U:1:880193231],
2024-11-05,02:03.69,Stinkyeseses,jump_deserted_b1,WR,MapRun,47:05.32,+45:01.63,,true,3116417,76561198402218127,[U:1:441952399],
2024-11-08,02:03.69,= pb - BLANK = a,jump_deserted_b1,WR,MapRun,12:28.71,+10:25.02,,true,3120152,,,
2024-11-11,02:03.69,Hona,jump_deserted_b1,WR,MapRun,08:20.68,+06:16.99,,true,3125059,76561198221809496,[U:1:261543768],
2024-11-11,02:03.69,Ramlet117,jump_deserted_b1,WR,MapRun,39:35.08,+37:31.39,,true,3125059,76561198136089403,[U:1:175823675],
2024-11-13,02:03.69,utunen,jump_deserted_b1,WR,MapRun,08:55.65,+06:51.96,,true,3128382,76561198202756431,[U:1:242490703],
2024-11-13,02:03.69,Coolant5164,jump_deserted_b1,WR,MapRun,03:42.24,+01:38.55,,true,3128515,76561198253350622,[U:1:293084894],
2024-11-16,02:03.69,Crispy,jump_deserted_b1,WR,MapRun,59:28.89,+57:25.20,,true,3131663,76561198072395466,[U:1:112129738],
2024-11-16,02:03.69,greg,jump_deserted_b1,WR,MapRun,46:31.06,+44:27.37,,true,3131663,76561198117904947,[U:1:157639219],
2024-11-16,02:03.69,daisy,jump_deserted_b1,WR,MapRun,15:53.38,+13:49.69,,true,3131774,76561198095588634,[U:1:135322906],
2024-11-16,02:03.69,lusha,jump_deserted_b1,WR,MapRun,1:11:39.01,+1:09:35.32,,true,3131774,76561198225162696,[U:1:264896968],
2024-11-16,02:03.69,52.52,jump_deserted_b1,WR,MapRun,04:34.45,+02:30.76,,true,3132032,76561198231320900,[U:1:271055172],
2024-11-17,02:03.69,Qatami,jump_deserted_b1,WR,MapRun,03:55.84,+01:52.15,,true,3133940,76561198139373164,[U:1:179107436],
2024-11-17,02:03.69,Nekkii,jump_deserted_b1,WR,MapRun,25:27.13,+23:23.44,,true,3134372,76561198069245717,[U:1:108979989],
2024-11-21,02:03.69,❅ Egor1496 ❅,jump_deserted_b1,WR,MapRun,05:03.18,+02:59.49,00:03.58,true,3140405,76561198812285326,[U:1:852019598],
2024-11-27,02:03.69,+ METALBIRD,jump_deserted_b1,WR,MapRun,1:02:26.74,+1:00:23.05,,true,3149255,76561198091592747,[U:1:131327019],
2024-11-27,02:03.69,Notedgy0u0,jump_deserted_b1,WR,MapRun,07:23.02,+05:19.33,,true,3149255,76561199067184738,[U:1:1106919010],
2024-11-27,02:03.69,Qatami,jump_deserted_b1,WR,MapRun,04:20.59,+02:16.90,,true,3149255,76561198139373164,[U:1:179107436],
2024-11-27,02:03.69,The Big One,jump_deserted_b1,WR,MapRun,14:36.37,+12:32.68,,true,3149255,76561198802101208,[U:1:841835480],
2024-11-27,02:03.69,quickfast,jump_deserted_b1,WR,MapRun,34:24.52,+32:20.83,,true,3149255,76561199438900919,[U:1:1478635191],
2024-11-27,02:03.69,rev!4,jump_deserted_b1,WR,MapRun,02:37.65,+00:33.96,,true,3149255,76561198101061668,[U:1:140795940],
2024-11-27,02:03.69,rev!4,jump_deserted_b1,WR,MapRun,03:27.70,+01:24.01,,true,3149255,76561198101061668,[U:1:140795940],
2024-11-27,02:03.69,rev!4,jump_deserted_b1,WR,MapRun,03:43.66,+01:39.97,,true,3149255,76561198101061668,[U:1:140795940],
2024-11-27,02:03.69,rev!4,jump_deserted_b1,WR,MapRun,06:33.42,+04:29.73,,true,3149255,76561198101061668,[U:1:140795940],
2024-12-03,02:03.69,I got 2 shine,jump_deserted_b1,WR,MapRun,21:30.84,+19:27.15,,true,3157947,76561198879632420,[U:1:919366692],
2024-12-03,02:03.69,Mithreum,jump_deserted_b1,WR,MapRun,27:42.76,+25:39.07,,true,3157947,76561198137612138,[U:1:177346410],
2024-12-10,02:03.69,wutville.enjoyer,jump_deserted_b1,WR,MapRun,23:22.96,+21:19.27,,true,3167437,,,
2024-12-12,02:03.69,Amjepson,jump_deserted_b1,WR,MapRun,1:07:03.99,+1:05:00.30,,true,3169557,76561198023860260,[U:1:63594532],
2024-12-14,02:03.69,Whiskeyjack,jump_deserted_b1,WR,MapRun,06:50.97,+04:47.28,,true,3172668,76561198108844256,[U:1:148578528],
2024-12-15,00:42.16,Chi -cfc,jump_deserted_b1,WR,Course 3,,,,true,3174656,,,
2024-12-15,02:03.69,johnsonjohnjohn,jump_deserted_b1,WR,Compact,,,,false,3174656,,,
2024-12-15,02:03.69,50 dinars,jump_deserted_b1,WR,MapRun,05:07.69,+03:04.00,01:17.11,true,3174656,76561198059806422,[U:1:99540694],
2024-12-15,02:03.69,50 dinars,jump_deserted_b1,WR,MapRun,06:24.81,+04:21.12,00:10.50,true,3174656,76561198059806422,[U:1:99540694],
2024-12-15,02:03.69,Erelio,jump_deserted_b1,WR,MapRun,32:16.33,+30:12.64,,true,3174656,76561198098083067,[U:1:137817339],
2024-12-15,02:03.69,MGE DEN4IK,jump_deserted_b1,WR,MapRun,29:27.40,+27:23.71,,true,3174656,76561198219178857,[U:1:258913129],
2024-12-15,02:03.69,johnsonjohnjohn,jump_deserted_b1,WR,Ranked,,,,true,3174656,,,
2024-12-15,02:03.69,kate,jump_deserted_b1,WR,MapRun,2:02:32.26,+2:00:28.57,,true,3174656,76561199204518800,[U:1:1244253072],
2024-12-15,02:03.69,Ангедони,jump_deserted_b1,WR,MapRun,07:16.36,+05:12.67,,true,3174656,,,
2024-12-18,02:03.69,Shløppy,jump_deserted_b1,WR,MapRun,10:50.89,+08:47.20,,true,3179393,76561198810294260,[U:1:850028532],
2024-12-19,00:26.64,johnsonjohnjohn,jump_deserted_b1,WR,Course 2,,,,true,3180435,,,
2024-12-19,02:03.69,vai,jump_deserted_b1,WR,MapRun,1:07:25.80,+1:05:22.11,,true,3180708,76561198093810676,[U:1:133544948],
2024-12-20,02:03.69,olivergeeoz,jump_deserted_b1,WR,MapRun,1:42:10.42,+1:40:06.73,,true,3181833,76561198166116815,[U:1:205851087],
2024-12-21,02:03.69,Mileerol,jump_deserted_b1,WR,MapRun,33:42.36,+31:38.67,,true,3183103,76561198061854131,[U:1:101588403],
2024-12-21,02:03.69,johnsonjohnjohn,jump_deserted_b1,WR,Compact,,,,false,3183806,,,
2024-12-21,02:03.69,Benito ツ,jump_deserted_b1,WR,MapRun,29:16.72,+27:13.03,,true,3183806,76561198082522007,[U:1:122256279],
2024-12-21,02:03.69,johnsonjohnjohn,jump_deserted_b1,WR,Ranked,,,,true,3183806,,,
2024-12-21,02:03.69,rev!4,jump_deserted_b1,WR,MapRun,02:26.97,+00:23.28,00:05.83,true,3183806,76561198101061668,[U:1:140795940],
2024-12-21,02:03.69,rev!4,jump_deserted_b1,WR,MapRun,02:30.55,+00:26.86,,true,3183806,76561198101061668,[U:1:140795940],
2024-12-21,02:03.69,rev!4,jump_deserted_b1,WR,MapRun,02:32.80,+00:29.11,00:00.51,true,3183806,76561198101061668,[U:1:140795940],
2024-12-21,02:03.69,rev!4,jump_deserted_b1,WR,MapRun,02:33.31,+00:29.62,00:01.11,true,3183806,76561198101061668,[U:1:140795940],
2024-12-21,02:03.69,rev!4,jump_deserted_b1,WR,MapRun,02:33.61,+00:29.92,,true,3183806,76561198101061668,[U:1:140795940],
2024-12-21,02:03.69,rev!4,jump_deserted_b1,WR,MapRun,02:35.02,+00:31.33,,true,3183806,76561198101061668,[U:1:140795940],
2024-12-21,02:03.69,rev!4,jump_deserted_b1,WR,MapRun,02:42.07,+00:38.38,,true,3183806,76561198101061668,[U:1:140795940],
2024-12-21,02:03.69,rev!4,jump_deserted_b1,WR,MapRun,03:01.66,+00:57.97,,true,3183806,76561198101061668,[U:1:140795940],
2024-12-21,02:03.69,rev!4,jump_deserted_b1,WR,MapRun,03:03.61,+00:59.92,,true,3183806,76561198101061668,[U:1:140795940],
2024-12-21,02:03.69,rev!4,jump_deserted_b1,WR,MapRun,03:08.34,+01:04.65,,true,3183806,76561198101061668,[U:1:140795940],
2024-12-21,02:03.69,rev!4,jump_deserted_b1,WR,MapRun,03:15.00,+01:11.31,,true,3183806,76561198101061668,[U:1:140795940],
2024-12-21,02:03.69,rev!4,jump_deserted_b1,WR,MapRun,03:24.72,+01:21.03,,true,3183806,76561198101061668,[U:1:140795940],
2024-12-22,02:03.69,Sho'nuff,jump_deserted_b1,WR,MapRun,13:22.42,+11:18.73,,true,3184507,76561199201961055,[U:1:1241695327],
2024-12-22,02:03.69,Villain,jump_deserted_b1,WR,MapRun,14:56.02,+12:52.33,,true,3184507,76561198181790905,[U:1:221525177],
2024-12-22,02:03.69,yams,jump_deserted_b1,WR,MapRun,44:07.75,+42:04.06,,true,3184507,76561198312158809,[U:1:351893081],
2024-12-22,02:03.69,cale,jump_deserted_b1,WR,MapRun,1:09:52.48,+1:07:48.79,,true,3184816,76561198201760578,[U:1:241494850],
2024-12-26,02:03.69,johnsonjohnjohn,jump_deserted_b1,WR,Ranked,,,,true,3190512,,,
2024-12-27,02:03.69,★upol★,jump_deserted_b1,WR,MapRun,36:26.19,+34:22.50,,true,3192196,76561198032512766,[U:1:72247038],
2025-01-06,02:03.69,cagi,jump_deserted_b1,WR,MapRun,05:04.65,+03:00.96,00:03.04,true,3207540,76561198059806422,[U:1:99540694],
2025-01-07,02:03.69,Incognito type b,jump_deserted_b1,WR,MapRun,33:36.51,+31:32.82,,true,3208990,,,
2025-01-07,02:03.69,Jono,jump_deserted_b1,WR,MapRun,31:41.19,+29:37.50,,true,3208990,76561198038311138,[U:1:78045410],
2025-01-08,02:03.69,El Moncho,jump_deserted_b1,WR,MapRun,17:11.52,+15:07.83,,true,3209582,76561199057626198,[U:1:1097360470],
2025-01-08,02:03.69,Extherial,jump_deserted_b1,WR,MapRun,21:40.29,+19:36.60,,true,3209582,76561198184048406,[U:1:223782678],
2025-01-08,02:03.69,dove,jump_deserted_b1,WR,MapRun,41:22.86,+39:19.17,,true,3209582,76561199047022774,[U:1:1086757046],
2025-01-09,02:03.69,Sep,jump_deserted_b1,WR,MapRun,26:03.67,+23:59.98,,true,3212107,76561198075324913,[U:1:115059185],
2025-01-09,02:03.69,dark rutte,jump_deserted_b1,WR,MapRun,56:17.47,+54:13.78,,true,3212107,76561198286792133,[U:1:326526405],
2025-01-09,02:03.69,guacamoli,jump_deserted_b1,WR,MapRun,14:29.11,+12:25.42,,true,3212107,76561198097442448,[U:1:137176720],
2025-01-10,02:03.69,johnsonjohnjohn,jump_deserted_b1,WR,Compact,,,,false,3213906,,,
2025-01-10,02:03.69,W1cked,jump_deserted_b1,WR,MapRun,30:42.10,+28:38.41,,true,3213906,76561198158689597,[U:1:198423869],
2025-01-10,02:03.69,johnsonjohnjohn,jump_deserted_b1,WR,Ranked,,,,true,3213906,,,
2025-01-10,02:03.69,johnsonjohnjohn,jump_deserted_b1,WR,Ranked,,,,true,3213906,,,
2025-01-10,02:03.69,★Snail★,jump_deserted_b1,WR,MapRun,05:05.11,+03:01.42,,true,3213906,76561198283087980,[U:1:322822252],
2025-01-14,02:03.69,hermit,jump_deserted_b1,WR,MapRun,21:24.64,+19:20.95,,true,3220038,76561198348751491,[U:1:388485763],
2025-01-17,02:03.69,сверхчел,jump_deserted_b1,WR,MapRun,19:41.76,+17:38.07,,true,3223627,,,
2025-01-27,02:03.69,sqrta1,jump_deserted_b1,WR,MapRun,22:42.63,+20:38.94,,true,3238949,76561198128524612,[U:1:168258884],
2025-01-31,02:03.69,JCS,jump_deserted_b1,WR,MapRun,05:52.59,+03:48.90,02:30.15,true,3244913,76561198154307507,[U:1:194041779],
2025-01-31,02:03.69,JCS,jump_deserted_b1,WR,MapRun,08:22.74,+06:19.05,03:23.32,true,3244913,76561198154307507,[U:1:194041779],
2025-02-02,02:03.69,Leemzs,jump_deserted_b1,WR,MapRun,34:28.96,+32:25.27,,true,3248540,76561198151366119,[U:1:191100391],
2025-02-02,02:03.69,house cat,jump_deserted_b1,WR,MapRun,37:45.40,+35:41.71,,true,3248643,76561198115389025,[U:1:155123297],
2025-02-02,02:03.69,Mushman,jump_deserted_b1,WR,MapRun,11:43.51,+09:39.82,02:38.86,true,3249005,76561198163936154,[U:1:203670426],
2025-02-03,02:03.69,LunLunLun,jump_deserted_b1,WR,MapRun,07:39.97,+05:36.28,,true,3249583,76561198874343044,[U:1:914077316],
2025-02-03,02:03.69,chillrend_morphs,jump_deserted_b1,WR,MapRun,23:15.09,+21:11.40,,true,3249921,,,
2025-02-04,02:03.69,★★★★★,jump_deserted_b1,WR,MapRun,13:45.76,+11:42.07,,true,3251584,,,
2025-02-06,02:03.69,_Syrakaya_Komzin,jump_deserted_b1,WR,MapRun,36:27.42,+34:23.73,,true,3254080,,,
2025-02-10,02:03.69,pillowfight,jump_deserted_b1,WR,MapRun,18:26.85,+16:23.16,,true,3260866,76561198161403931,[U:1:201138203],
2025-02-14,02:03.69,하루종일아,jump_deserted_b1,WR,MapRun,05:38.76,+03:35.07,01:44.92,true,3266439,,,
2025-02-15,02:03.69,cheese fiend,jump_deserted_b1,WR,MapRun,54:16.56,+52:12.87,,true,3267819,76561198060105180,[U:1:99839452],
2025-02-18,02:03.69,vq,jump_deserted_b1,WR,MapRun,13:31.02,+11:27.33,,true,3271001,76561197993829288,[U:1:33563560],
2025-04-12,02:03.70,Fracari,jump_deserted_b1,WR,MapRun,15:40.64,+13:36.94,,true,3272869,76561199137693043,[U:1:1177427315],
2025-04-12,02:03.70,Tomzinho,jump_deserted_b1,WR,MapRun,14:16.88,+12:13.18,,true,3272869,76561198073844670,[U:1:113578942],
2025-04-13,02:03.69,puppycat,jump_deserted_b1,WR,MapRun,30:27.72,+28:24.03,,true,3273596,76561198851091126,[U:1:890825398],
2025-04-13,02:03.69,shieni,jump_deserted_b1,WR,MapRun,17:34.53,+15:30.84,,true,3273596,76561198143224900,[U:1:182959172],
2025-04-14,02:03.70,jancsik,jump_deserted_b1,WR,MapRun,08:33.98,+06:30.28,,true,3275316,76561198062657963,[U:1:102392235],
2025-04-19,02:03.69,ghost of jump_fa,jump_deserted_b1,WR,MapRun,17:18.87,+15:15.18,,true,3282509,,,
2025-04-19,02:03.69,A2,jump_deserted_b1,WR,MapRun,34:27.30,+32:23.61,,true,3283415,76561198068266632,[U:1:108000904],
2025-04-19,02:03.69,QuasarQuill,jump_deserted_b1,WR,MapRun,29:51.75,+27:48.06,,true,3283749,76561198066576005,[U:1:106310277],
2025-04-23,02:03.70,qiuki,jump_deserted_b1,WR,MapRun,10:07.40,+08:03.70,,true,3289172,76561198373679200,[U:1:413413472],
2025-04-28,02:03.69,Ethan.,jump_deserted_b1,WR,MapRun,17:32.73,+15:29.04,,true,3295963,76561198079397398,[U:1:119131670],
2025-05-08,02:03.68,BINI,jump_deserted_b1,WR,MapRun,18:29.62,+16:25.94,,true,3310013,76561198311745679,[U:1:351479951],
2025-05-08,02:03.69,strangely@,jump_deserted_b1,WR,MapRun,22:49.11,+20:45.42,,true,3310895,76561198030697131,[U:1:70431403],
2025-05-09,02:03.70,14,jump_deserted_b1,WR,MapRun,04:57.44,+02:53.74,00:07.22,true,3311643,76561198059806422,[U:1:99540694],
2025-05-11,02:03.68,Kronos | GorgeTF,jump_deserted_b1,WR,MapRun,42:27.10,+40:23.42,,true,3314353,,,
2025-05-11,02:03.69,Homer,jump_deserted_b1,WR,MapRun,2:16:32.19,+2:14:28.50,,true,3314353,76561198194352305,[U:1:234086577],
2025-05-14,02:03.69,johnsonjohnjohn,jump_deserted_b1,WR,Compact,,,,false,3317737,,,
2025-05-16,02:03.69,FlyingSpyper,jump_deserted_b1,WR,MapRun,30:53.85,+28:50.16,,true,3320562,76561198805346840,[U:1:845081112],
2025-05-22,02:03.69,agar.io mastercl,jump_deserted_b1,WR,MapRun,34:56.43,+32:52.74,,true,3329018,,,
2025-05-23,00:10.28,müsli,jump_deserted_b1,WR,Bonus 4,,-00:00.90,00:00.90,false,3330270,76561198379555950,[U:1:419290222],
2025-05-23,00:11.18,müsli,jump_deserted_b1,WR,Bonus 4,,-00:00.54,00:08.49,false,3330270,76561198379555950,[U:1:419290222],
2025-05-26,02:03.68,Dap,jump_deserted_b1,WR,MapRun,1:01:36.46,+59:32.78,,true,3335489,76561198072266230,[U:1:112000502],
2025-05-27,02:03.68,Sir Water Monkey,jump_deserted_b1,WR,MapRun,15:19.24,+13:15.56,,true,3335835,76561199062847168,[U:1:1102581440],
2025-05-27,02:03.68,mehdi .kriger,jump_deserted_b1,WR,MapRun,1:07:41.92,+1:05:38.24,,true,3336631,76561198362518736,[U:1:402253008],
2025-05-27,02:03.69,Devorous,jump_deserted_b1,WR,MapRun,18:19.35,+16:15.66,,true,3337042,76561198098418776,[U:1:138153048],
2025-06-01,02:03.69,plsplsplslol,jump_deserted_b1,WR,MapRun,40:43.20,+38:39.51,,true,3343266,76561198868084626,[U:1:907818898],
2025-06-01,02:03.69,walkemdown85,jump_deserted_b1,WR,MapRun,27:21.81,+25:18.12,,true,3343266,76561198153020266,[U:1:192754538],
2025-06-08,02:03.68,Arthur,jump_deserted_b1,WR,MapRun,08:10.12,+06:06.44,,true,3353281,76561198114107421,[U:1:153841693],
2025-06-08,02:03.70,Tú bắn dở v,jump_deserted_b1,WR,MapRun,25:46.10,+23:42.40,,true,3353451,,,
2025-06-08,02:03.69,peep,jump_deserted_b1,WR,MapRun,11:19.80,+09:16.11,,true,3353952,76561198057121577,[U:1:96855849],
2025-06-12,02:03.70,unicow,jump_deserted_b1,WR,MapRun,20:18.56,+18:14.86,,true,3358963,76561198018766083,[U:1:58500355],
2025-06-15,02:03.69,LookingGrimm,jump_deserted_b1,WR,MapRun,18:24.09,+16:20.40,,true,3362845,76561198817055403,[U:1:856789675],
2025-06-16,02:03.69,Cygnus,jump_deserted_b1,WR,Ranked,,,,true,3365247,,,
2025-06-16,02:03.69,bootytoucher21,jump_deserted_b1,WR,MapRun,16:01.62,+13:57.93,,true,3365247,76561198857462685,[U:1:897196957],
2025-06-25,02:03.68,PUNK_ROCK,jump_deserted_b1,WR,MapRun,15:17.92,+13:14.24,,true,3377461,76561198301016703,[U:1:340750975],
2025-06-25,02:03.70,Decadence,jump_deserted_b1,WR,MapRun,12:28.70,+10:25.00,,true,3377461,76561198212480397,[U:1:252214669],
2025-06-27,02:03.69,Sarip,jump_deserted_b1,WR,MapRun,12:44.04,+10:40.35,,true,3379688,76561198113330438,[U:1:153064710],
2025-06-29,02:03.69,RAIN,jump_deserted_b1,WR,MapRun,22:25.20,+20:21.51,,true,3383267,76561198117029252,[U:1:156763524],
2025-07-01,02:03.69,EnoughCactus,jump_deserted_b1,WR,MapRun,07:12.48,+05:08.79,04:20.07,true,3386040,76561198239755088,[U:1:279489360],
2025-07-08,02:03.69,off's.,jump_deserted_b1,WR,MapRun,14:29.55,+12:25.86,,true,3396442,76561198940096974,[U:1:979831246],
2025-07-10,02:03.69,HeavenlyPsy,jump_deserted_b1,WR,MapRun,20:31.98,+18:28.29,,true,3399311,76561198053661006,[U:1:93395278],
2025-07-11,02:03.69,:D,jump_deserted_b1,WR,MapRun,1:27:47.73,+1:25:44.04,,true,3400521,76561198058487866,[U:1:98222138],
2025-07-15,02:03.70,Sandan❤,jump_deserted_b1,WR,MapRun,1:01:26.90,+59:23.20,,true,3406078,76561198421223960,[U:1:460958232],
2025-07-19,02:03.70,BK,jump_deserted_b1,WR,MapRun,35:20.66,+33:16.96,,true,3412226,76561198165211479,[U:1:204945751],
2025-07-23,02:03.69,Famtosha,jump_deserted_b1,WR,MapRun,1:15:07.74,+1:13:04.05,,true,3418169,76561198091566686,[U:1:131300958],
2025-07-24,02:03.68,first annual bur,jump_deserted_b1,WR,MapRun,1:13:02.20,+1:10:58.52,,true,3418704,,,
2025-07-24,02:03.68,pundq,jump_deserted_b1,WR,MapRun,20:03.16,+17:59.48,,true,3418704,76561198123403858,[U:1:163138130],
2025-07-24,02:03.68,visor,jump_deserted_b1,WR,MapRun,29:46.78,+27:43.10,,true,3418704,76561199146446082,[U:1:1186180354],
2025-07-24,02:03.69,Grrrrrrrr,jump_deserted_b1,WR,MapRun,21:08.55,+19:04.86,,true,3418704,76561198007904960,[U:1:47639232],
2025-07-24,02:03.69,JobsDone2,jump_deserted_b1,WR,MapRun,15:28.08,+13:24.39,,true,3418704,76561198159158870,[U:1:198893142],
2025-07-24,02:03.68,Davdus,jump_deserted_b1,WR,MapRun,11:05.50,+09:01.82,,true,3419594,76561198066957579,[U:1:106691851],
2025-07-24,02:03.69,zen,jump_deserted_b1,WR,MapRun,20:01.74,+17:58.05,,true,3419613,76561198158964214,[U:1:198698486],
2025-07-24,02:03.69,peppizza,jump_deserted_b1,WR,MapRun,14:11.34,+12:07.65,,true,3419706,76561198377044534,[U:1:416778806],
2025-07-25,02:03.70,Sewerslvt,jump_deserted_b1,WR,MapRun,10:18.20,+08:14.50,,true,3420787,76561198074722832,[U:1:114457104],
2025-07-25,02:03.69,newelz,jump_deserted_b1,WR,MapRun,21:47.01,+19:43.32,,true,3421018,76561198355491097,[U:1:395225369],
2025-07-25,02:03.70,xxlway,jump_deserted_b1,WR,MapRun,17:04.82,+15:01.12,,true,3421018,76561198164696014,[U:1:204430286],
2025-07-29,02:03.68,70 Wiggeh,jump_deserted_b1,WR,MapRun,22:15.70,+20:12.02,,true,3426281,76561198086056239,[U:1:125790511],
2025-07-31,02:03.68,Plume Brisé,jump_deserted_b1,WR,MapRun,08:24.34,+06:20.66,02:09.24,true,3429719,76561198448252943,[U:1:487987215],
2025-08-08,02:03.68,ɯario,jump_deserted_b1,WR,MapRun,18:52.00,+16:48.32,,true,3441590,76561198129272019,[U:1:169006291],
2025-08-08,02:03.70,Drandor,jump_deserted_b1,WR,MapRun,23:29.78,+21:26.08,,true,3441980,76561198034377705,[U:1:74111977],
2025-08-09,02:03.69,[SESX] Gareta,jump_deserted_b1,WR,MapRun,24:38.52,+22:34.83,,true,3442054,76561198992870333,[U:1:1032604605],
2025-08-10,02:03.69,Nandi,jump_deserted_b1,WR,MapRun,40:51.45,+38:47.76,,true,3444423,76561198112645964,[U:1:152380236],
2025-08-19,02:03.68,i have no skill,jump_deserted_b1,WR,MapRun,16:15.28,+14:11.60,,true,3456591,,,
2025-08-23,02:03.69,shadoxzx,jump_deserted_b1,WR,MapRun,06:52.95,+04:49.26,,true,3463030,76561198802110134,[U:1:841844406],
2025-08-23,02:03.69,MegaGigaPro,jump_deserted_b1,WR,MapRun,13:26.76,+11:23.07,,true,3463221,76561198060215609,[U:1:99949881],
2025-08-23,02:03.69,Smoke,jump_deserted_b1,WR,MapRun,1:08:31.53,+1:06:27.84,,true,3463221,76561199697348853,[U:1:1737083125],
2025-08-23,02:03.69,nova,jump_deserted_b1,WR,MapRun,22:31.80,+20:28.11,,true,3463221,76561198207750631,[U:1:247484903],
2025-08-28,02:03.68,croob,jump_deserted_b1,WR,MapRun,29:08.92,+27:05.24,,true,3468934,76561198118986041,[U:1:158720313],
2025-09-02,02:03.70,Stepman5,jump_deserted_b1,WR,MapRun,1:21:19.64,+1:19:15.94,,true,3476237,76561199101308545,[U:1:1141042817],
2025-09-05,02:03.70,shogi,jump_deserted_b1,WR,MapRun,26:53.36,+24:49.66,,true,3480768,76561198353981117,[U:1:393715389],
2025-09-08,02:03.69,Cygnus,jump_deserted_b1,WR,Ranked,,,,true,3484868,,,
2025-09-11,02:03.69,lulu,jump_deserted_b1,WR,MapRun,48:15.18,+46:11.49,,true,3488169,76561198141841948,[U:1:181576220],
2025-09-14,02:03.70,i,jump_deserted_b1,WR,MapRun,13:45.56,+11:41.86,,true,3492252,76561199481808720,[U:1:1521542992],
2025-09-15,02:03.70,Mygod561,jump_deserted_b1,WR,MapRun,17:57.98,+15:54.28,,true,3493843,76561198798799068,[U:1:838533340],
2025-09-17,02:03.70,50 dinars,jump_deserted_b1,WR,MapRun,04:32.66,+02:28.96,00:24.78,true,3496738,76561198059806422,[U:1:99540694],
2025-09-19,02:03.69,Cygnus,jump_deserted_b1,WR,Compact,,,,false,3498785,,,
2025-09-19,02:03.69,Cygnus,jump_deserted_b1,WR,Compact,,,,false,3498785,,,
2025-09-28,02:03.70,Srty,jump_deserted_b1,WR,MapRun,46:57.50,+44:53.80,,true,3511771,76561198188306453,[U:1:228040725],
2025-09-28,02:03.70,necrofantasia,jump_deserted_b1,WR,MapRun,27:28.76,+25:25.06,,true,3511771,76561198123871110,[U:1:163605382],
2025-10-01,02:03.68,joe schmoe passt,jump_deserted_b1,WR,MapRun,1:29:58.36,+1:27:54.68,,true,3515732,,,
2025-10-02,00:02.34,Waldo,jump_deserted_b1,WR,Bonus 2,,,,true,3517554,,,
2025-10-02,00:22.59,Cygnus,jump_deserted_b1,WR,Course 1,,,,true,3517554,,,
2025-10-02,02:03.69,Dias,jump_deserted_b1,WR,MapRun,54:12.24,+52:08.55,,true,3517554,76561198285749664,[U:1:325483936],
2025-10-02,02:03.69,Plume Brisé,jump_deserted_b1,WR,MapRun,05:48.60,+03:44.91,02:35.74,true,3517554,76561198448252943,[U:1:487987215],
2025-10-02,02:03.69,Plume Brisé,jump_deserted_b1,WR,MapRun,08:52.32,+06:48.63,,true,3517554,76561198448252943,[U:1:487987215],
2025-10-02,02:03.70,Static,jump_deserted_b1,WR,MapRun,25:39.32,+23:35.62,,true,3517554,76561198060352532,[U:1:100086804],
2025-10-04,02:03.69,Shizzal,jump_deserted_b1,WR,MapRun,44:27.00,+42:23.31,,true,3520032,76561198119023750,[U:1:158758022],
2025-10-05,02:03.68,abelicio,jump_deserted_b1,WR,MapRun,05:25.48,+03:21.80,,true,3522002,76561198379602900,[U:1:419337172],
2025-10-05,02:03.69,Flourish,jump_deserted_b1,WR,MapRun,33:17.70,+31:14.01,,true,3522002,76561198087413354,[U:1:127147626],
2025-10-05,02:03.69,abelicio,jump_deserted_b1,WR,MapRun,03:30.39,+01:26.70,00:38.66,true,3522002,76561198379602900,[U:1:419337172],
2025-10-12,02:03.68,gummy candy,jump_deserted_b1,WR,MapRun,1:57:23.50,+1:55:19.82,,true,3530889,76561198039002838,[U:1:78737110],
2025-10-12,02:03.69,friendly piemois,jump_deserted_b1,WR,MapRun,30:53.28,+28:49.59,,true,3530889,,,
2025-10-12,02:03.69,telecaster,jump_deserted_b1,WR,MapRun,36:23.94,+34:20.25,,true,3530889,76561198081030026,[U:1:120764298],
2025-10-13,02:03.69,Cygnus,jump_deserted_b1,WR,Compact,,,,false,3532290,,,
2025-10-13,02:03.70,norpy,jump_deserted_b1,WR,MapRun,12:20.54,+10:16.84,,true,3532290,76561198966140552,[U:1:1005874824],
2025-10-16,02:03.70,goblin spearman,jump_deserted_b1,WR,MapRun,19:26.78,+17:23.08,,true,3536502,76561198036824480,[U:1:76558752],
2025-10-16,02:03.69,Ezon,jump_deserted_b1,WR,MapRun,09:10.83,+07:07.14,,true,3536824,76561198323163868,[U:1:362898140],
2025-10-22,00:02.34,Waldo,jump_deserted_b1,WR,Bonus 2,,,,true,3545230,,,
2025-10-22,02:03.69,Cygnus,jump_deserted_b1,WR,Compact,,,,false,3545230,,,
2025-10-22,02:03.69,r4tb0y,jump_deserted_b1,WR,MapRun,09:51.96,+07:48.27,,true,3545230,76561198081556529,[U:1:121290801],
2025-10-28,02:03.69,my butlr goat.Al,jump_deserted_b1,WR,MapRun,26:24.33,+24:20.64,,true,3552236,,,
2025-11-04,02:03.70,+=[::::::::::>,jump_deserted_b1,WR,MapRun,28:02.18,+25:58.48,,true,3562528,76561198259071247,[U:1:298805519],
2025-11-14,02:03.69,Crazy v2.0,jump_deserted_b1,WR,MapRun,34:42.51,+32:38.82,,true,3583488,76561198170241095,[U:1:209975367],
2025-11-14,02:03.68,bi and large,jump_deserted_b1,WR,MapRun,45:49.60,+43:45.92,,true,3583873,76561198101747493,[U:1:141481765],
2025-11-14,02:03.69,funk,jump_deserted_b1,WR,MapRun,29:28.65,+27:24.96,,true,3583937,76561198244439774,[U:1:284174046],
2025-11-14,02:03.70,dayap,jump_deserted_b1,WR,MapRun,27:53.30,+25:49.60,,true,3583937,76561198267475132,[U:1:307209404],
2025-11-15,02:03.68,TT,jump_deserted_b1,WR,MapRun,1:22:36.46,+1:20:32.78,,true,3585254,76561199545642436,[U:1:1585376708],
2025-11-17,02:03.69,Checcc,jump_deserted_b1,WR,MapRun,16:21.33,+14:17.64,,true,3588201,76561199085214651,[U:1:1124948923],
2025-11-17,02:03.69,Olelelelele olal,jump_deserted_b1,WR,MapRun,16:17.88,+14:14.19,,true,3588201,,,
2025-11-24,02:03.68,digital -jcf,jump_deserted_b1,WR,MapRun,21:59.32,+19:55.64,,true,3596925,76561197986144872,[U:1:25879144],
2025-11-27,02:03.68,Jaum,jump_deserted_b1,WR,MapRun,10:52.12,+08:48.44,,true,3600720,76561198239715444,[U:1:279449716],
2025-11-27,02:03.70,shan,jump_deserted_b1,WR,MapRun,17:58.94,+15:55.24,,true,3600720,76561198347879458,[U:1:387613730],
2025-11-29,02:03.69,little holer,jump_deserted_b1,WR,MapRun,21:45.78,+19:42.09,,true,3604181,76561198058461271,[U:1:98195543],
2025-12-02,02:03.69,Boony the bnuy,jump_deserted_b1,WR,MapRun,22:33.84,+20:30.15,,true,3607851,76561198420189864,[U:1:459924136],
2025-12-02,02:03.69,Bottyboi,jump_deserted_b1,WR,MapRun,09:22.77,+07:19.08,,true,3607851,76561198167723343,[U:1:207457615],
2025-12-04,02:03.68,law,jump_deserted_b1,WR,MapRun,07:33.16,+05:29.48,,true,3612623,76561198317890235,[U:1:357624507],
2025-12-06,02:03.70,math-genius-zach,jump_deserted_b1,WR,MapRun,23:55.10,+21:51.40,,true,3667624,,,
2025-12-12,02:03.68,Juicebox,jump_deserted_b1,WR,MapRun,11:10.66,+09:06.98,,true,3673497,76561199526001038,[U:1:1565735310],
2025-12-17,02:03.68,Wesikko,jump_deserted_b1,WR,MapRun,2:19:20.08,+2:17:16.40,,true,3680430,76561198013799693,[U:1:53533965],
2025-12-17,02:03.69,aki,jump_deserted_b1,WR,MapRun,07:10.95,+05:07.26,,true,3680430,76561198048851475,[U:1:88585747],
2025-12-17,02:03.69,Rassberri,jump_deserted_b1,WR,MapRun,16:49.59,+14:45.90,,true,3680638,76561198393818670,[U:1:433552942],
2025-12-19,02:03.69,ooooooooooooooo,jump_deserted_b1,WR,MapRun,24:19.11,+22:15.42,,true,3682762,76561198187748437,[U:1:227482709],
2025-12-22,02:03.69,nolava,jump_deserted_b1,WR,MapRun,19:51.18,+17:47.49,,true,3686232,76561198003212528,[U:1:42946800],
2025-12-22,02:03.70,ุfestive.,jump_deserted_b1,WR,MapRun,13:45.38,+11:41.68,,true,3686267,76561197993892057,[U:1:33626329],
2025-12-26,02:03.69,Sobotáles,jump_deserted_b1,WR,MapRun,09:15.69,+07:12.00,,true,3691350,76561198202126882,[U:1:241861154],
2025-12-30,02:03.68,Okami,jump_deserted_b1,WR,MapRun,18:05.92,+16:02.24,,true,3696441,76561198020585747,[U:1:60320019],
2025-12-30,02:03.69,Hyruler,jump_deserted_b1,WR,MapRun,1:28:25.29,+1:26:21.60,,true,3696441,76561198146399309,[U:1:186133581],
2025-12-30,02:03.69,sak ඞ,jump_deserted_b1,WR,MapRun,08:58.56,+06:54.87,,true,3697052,76561199201148308,[U:1:1240882580],
2026-01-06,02:03.69,exfan,jump_deserted_b1,WR,MapRun,25:25.32,+23:21.63,,true,3705693,76561199108148787,[U:1:1147883059],
2026-01-07,02:03.70,DeathSlayer349,jump_deserted_b1,WR,MapRun,24:30.26,+22:26.56,,true,3707501,76561198388774881,[U:1:428509153],
2026-01-10,02:03.68,BAFIMBO,jump_deserted_b1,WR,MapRun,47:18.94,+45:15.26,,true,3711330,76561198167452586,[U:1:207186858],
2026-01-12,02:03.69,blicky,jump_deserted_b1,WR,MapRun,26:52.98,+24:49.29,,true,3713110,76561198051308002,[U:1:91042274],
2026-01-13,02:03.68,Kizzamf,jump_deserted_b1,WR,MapRun,56:55.00,+54:51.32,,true,3714935,76561199787417132,[U:1:1827151404],
2026-01-13,02:03.69,boraa,jump_deserted_b1,WR,MapRun,10:03.99,+08:00.30,,true,3714935,76561198107323989,[U:1:147058261],
2026-01-13,02:03.69,ike,jump_deserted_b1,WR,MapRun,2:36:44.85,+2:34:41.16,,true,3714935,76561198039845647,[U:1:79579919],
2026-01-13,02:03.70,gwalker,jump_deserted_b1,WR,MapRun,18:33.92,+16:30.22,,true,3715244,76561198084208265,[U:1:123942537],
2026-01-16,02:03.69,casikomi,jump_deserted_b1,WR,MapRun,1:05:43.80,+1:03:40.11,,true,3717689,76561199826157205,[U:1:1865891477],
2026-01-16,02:03.69,Myo0,jump_deserted_b1,WR,MapRun,17:21.72,+15:18.03,,true,3718641,76561198271721291,[U:1:311455563],
2026-01-24,02:03.69,Karipidis,jump_deserted_b1,WR,MapRun,1:26:26.34,+1:24:22.65,,true,3728376,76561199138983852,[U:1:1178718124],
